   0.0000000000000000       -1.7182819100730535       -27.182818284590450       -3.4694469519536142E-016  -1.7182818284590451     
   1.2566370614359173E-002  -1.7037058574580719       -27.098527379028365       -6.7307270867900115E-016  -1.7037057765363885     
   2.5132741228718346E-002  -1.6851214410731796       -26.871551509076905        1.1303182616722027       -1.6851213610342084     
   3.7699111843077518E-002  -1.6625615389869997       -26.504185530373029      -0.27149535242941375       -1.6625614600195664     
   5.0265482457436693E-002  -1.6360805515785217       -26.000220644505823        2.3358051604027709E-016  -1.6360804738688672     
   6.2831853071795868E-002  -1.6057538122950041       -25.364879301603271       -1.1303182616722038       -1.6057537360257934     
   7.5398223686155036E-002  -1.5716767760127512       -24.604726277544785       -4.4336851954551199E-002  -1.5716767013621118     
   8.7964594300514218E-002  -1.5339639988867309       -23.727558061501583        5.4742407021061675E-003  -1.5339639260273523     
  0.10053096491487339       -1.4927479269607933       -22.742273180910782       -1.7377847526991190E-016  -1.4927478560590735     
  0.11309733552923255       -1.4481775137848727       -21.658726499965486        1.6012832085939759E-018  -1.4481774450001335     
  0.12566370614359174       -1.4004166897852879       -20.487570842934542        5.4292633770152050E-004  -1.4004166232690662     
  0.13823007675795090       -1.3496427081096194       -19.240089507442573      -0.27154032975450376       -1.3496426440050322     
  0.15079644737231007       -1.2960443930853078       -17.928023341436116       -2.4848741682911021E-018  -1.2960443315265040     
  0.16336281798666924       -1.2398203182742156       -16.563396061017048       -2.2759572004815708E-017  -1.2398202593859118     
  0.17592918860102844       -1.1811769413733189       -15.158341388468743       -3.1984366142531750E-006  -1.1811768852704256     
  0.18849555921538760       -1.1203267229200087       -13.724935397905218        1.9921249011789489E-007  -1.1203266697073455     
  0.20106192982974677       -1.0574862549391837       -12.275037180310983        2.3565551219808010E-017  -1.0574862047112823     
  0.21362830044410594      -0.99287442436168927       -10.820140593026547       -4.4336851954551178E-002 -0.99287437720268557     
  0.22619467105846511      -0.92671063430406730       -9.3712394555057603        1.1036772278551074E-008 -0.92671059028767466     
  0.23876104167282430      -0.85921310419118269       -7.9387081090998839       -5.5058964978019955E-010 -0.85921306338075043     
  0.25132741228718347      -0.79059726729571922       -6.5321987898425427       -1.2933136410005305E-017 -0.79059722974436375     
  0.26389378290154264      -0.72107428163515175       -5.1605567856539016       -1.0010207599079281E-017 -0.72107424738596149     
  0.27646015351590181      -0.65084966738250305       -3.8317538781844278       -2.4979584174130401E-011 -0.65084963646880301     
  0.28902652413026098      -0.58012208108565011       -2.5528401184873095       -5.4742407010670751E-003 -0.58012205353132940     
  0.30159289474462014      -0.50908223412189346       -1.3299135669029734        4.0197730201945326E-018 -0.50908220994178421     
  0.31415926535897931      -0.43791196000539928      -0.16810725095057244        1.7143149644947271E-018 -0.43791193920569627     
  0.32672563597333848      -0.36678343247392614       0.92840773162602641        3.9907844186144984E-014 -0.36678341505264678     
  0.33929200658769770      -0.29585853375908039        1.9564043088498400       -1.4254671892950534E-015 -0.29585851970655286     
  0.35185837720205687      -0.22528837013353889        2.9135682867350230       -9.2812108816221047E-018 -0.22528835943291425     
  0.36442474781641604      -0.15521292976256382        3.7984556688018647       -5.4292633770156311E-004 -0.15521292239034379     
  0.37699111843077521       -8.5760876089685356E-002   4.6104402498893489       -4.8572257327350599E-017  -8.5760872016260814E-002
  0.38955748904513438       -1.7049468472499437E-002   5.3496533323093471       -4.1039372505599172E-018  -1.7049467662691331E-002
  0.40212385965949354        5.0815399439481684E-002   6.0169174029849586       -5.3999174349472595E-018   5.0815397025881781E-002
  0.41469023027385271       0.11773905402879621        6.6136755559976974       -6.9867483446238300E-018  0.11773904843649330     
  0.42725660088821188       0.18363779983580703        7.1419183523669565       -6.0416231404709490E-018  0.18363779111348189     
  0.43982297150257105       0.24843859297744555        7.6041096848202452       -4.4977325090623542E-005  0.24843858117724804     
  0.45238934211693022       0.31207864149577602        8.0031130668821859        5.0920806033288428E-018  0.31207862667283859     
  0.46495571273128938       0.37450494419688501        8.3421195998203004       -8.2039961073820275E-018  0.37450492640885757     
  0.47752208334564861       0.43567377926824696        8.6245786945114524       -3.9294841168535413E-018  0.43567375857485580     
  0.49008845396000777       0.49555015352212806        8.8541324442929294       -7.7867886702200821E-018  0.49555012998476178     
  0.50265482457436694       0.55410722253220124        9.0345543648308286       -1.0226649120222374E-017  0.55410719621352356     
  0.51522119518872611       0.61132569123861280        9.1696930427083796       -3.1984366143275940E-006  0.61132566220220386     
  0.52778756580308528       0.66719320382067782        9.2634210697246200        2.2684845455081324E-018  0.66719317213070450     
  0.54035393641744445       0.72170373080198069        9.3195894878814265       -2.7469435660828614E-018  0.72170369652289634     
  0.55292030703180362       0.77485696048380004        9.3419878329912791        2.8613995480029808E-020  0.77485692368007275     
  0.56548667764616278       0.82665770092094526        9.3343097442544813       -2.4089744873942074E-018  0.82665766165681520     
  0.57805304826052195       0.87711529777815755        9.3001240038244859        2.3369670978253589E-018  0.87711525611742036     
  0.59061941887488112       0.92624307255138183        9.2428507844718641       -1.9921249013248458E-007  0.92624302855720064     
  0.60318578948924029       0.97405778481990524        9.1657428146102813        2.2608527797825980E-018  0.97405773855464750     
  0.61575216010359946        1.0205791214233080        9.0718711173636439       -6.6506970324989407E-020   1.0205790729484048     
  0.62831853071795862        1.0658292147396038        8.9641149428968241       -2.9928136646245233E-019   1.0658291641154365     
  0.64088490133231779        1.1098321915836795        8.8451554895180564        1.8449053215706073E-019   1.1098321388694843     
  0.65345127194667696        1.1526137536518128        8.7174729975415826       -3.6180643250801357E-018   1.1526136989056019     
  0.66601764256103613        1.1942007899104186        8.5833467989391696       -1.1036772255644552E-008   1.1942007331889295     
  0.67858401317539541        1.2346210208653901        8.4448579137511910        1.4258001172412112E-019   1.2346209622240432     
  0.69115038378975457        1.2739026742509993        8.3038937994472164       -4.2075331188023447E-018   1.2739026137438745     
  0.70371675440411374        1.3120741913420808        8.1621548803743202        6.9830906803652366E-019   1.3120741290219056     
  0.71628312501847291        1.3491639628165675        8.0211625096692369        7.4168699685469184E-019   1.3491638987347230     
  0.72884949563283208        1.3852000928735879        7.8822680442327062       -1.7882897590829795E-018   1.3852000270801188     
  0.74141586624719125        1.4202101901405795        7.7466627434120472       -5.5058963625240261E-010   1.4202101226842201     
  0.75398223686155041        1.4542211837766583        7.6153882329084457       -3.4732976144974029E-018   1.4542211147048634     
  0.76654860747590958        1.4872591630937724        7.4893473062696545       -4.8038496257819272E-018   1.4872590924527578     
  0.77911497809026875        1.5193492389671934        7.3693148664506998       -3.0799456309442687E-018   1.5193491668019825     
  0.79168134870462792        1.5505154252878321        7.2559488387693811        1.5840987058676015E-018   1.5505153516423058     
  0.80424771931898709        1.5807805387161846        7.1498009137269491        8.8005483659311195E-020   1.5807804636331433     
  0.81681408993334625        1.6101661150271660        7.0513270033019149       -2.4979565740038810E-011   1.6101660385483845     
  0.82938046054770542        1.6386923403826077        6.9608973172547532       -9.9945536047104121E-019   1.6386922625489033     
  0.84194683116206459        1.6663779959303469        6.8788059865909918       -3.5983892327954509E-018   1.6663779167816450     
  0.85451320177642376        1.6932404142021547        6.8052801795819784       -2.0031033395894679E-018   1.6932403337775559     
  0.86707957239078293        1.7192954458645728        6.7404886716598558        2.2639131823514612E-020   1.7192953642024271     
  0.87964594300514209        1.7445574354644187        6.6845498441573188       -2.2412740505279467E-018   1.7445573526023923     
  0.89221231361950126        1.7690392049021659        6.6375390983621241       -1.0391543703654043E-012   1.7690391208773180     
  0.90477868423386043        1.7927520434598603        6.5994956808355001       -4.6330625449372860E-018   1.7927519583087128     
  0.91734505484821960        1.8157057033041113        6.5704289235554416       -2.3095880439282454E-018   1.8157056170627237     
  0.92991142546257877        1.8379083994779166        6.5503239083526701       -6.0778632734953830E-020   1.8379083121819579     
  0.94247779607693805        1.8593668134866232        6.5391465694760580        1.6518889293730704E-018   1.8593667251714447     
  0.95504416669129721        1.8800860996725994        6.5368482511214658       -3.1693217830994952E-019   1.8800860103733066     
  0.96761053730565638        1.9000698936596636        6.5433697385449401       -3.9916210576313905E-014   1.9000698034111925     
  0.98017690792001555        1.9193203222317998        6.5586447821128404       -6.2231210110600304E-018   1.9193202310689823     
  0.99274327853437472        1.9378380140909144        6.5826031334630706       -1.3175663627656449E-018   1.9378379220485533     
   1.0053096491487339        1.9556221110156837        6.6151731119994093       -5.6603344400392503E-018   1.9556220181286237     
   1.0178760197630929        1.9726702790177233        6.6562837183401342        5.3629976665156942E-019   1.9726701853209192     
   1.0304423903774522        1.9889787191628994        6.7058663092086839       -3.0651594355547389E-018   1.9889786246914856     
   1.0430087609918113        2.0045421777948502        6.7638558456943105       -1.4248910518595670E-015   2.0045420825842122     
   1.0555751316061706        2.0193539559650975        6.8301917239227352       -4.1594049576962310E-018   2.0193538600509369     
   1.0681415022205296        2.0334059179399651        6.9048181940522948       -5.7011452615886412E-019   2.0334058213583721     
   1.0807078728348889        2.0466884987194720        6.9876843702362805       -3.0868700988733238E-018   2.0466884015069895     
   1.0932742434492482        2.0591907105677962        7.0787438308497856        6.5914118653532783E-019   2.0591906127614918     
   1.1058406140636072        2.0709001486195531        7.1779538049509481       -6.2546766939711000E-018   2.0709000502570802     
   1.1184069846779665        2.0818029956913109        7.2852739377134625       -4.4873340537508644E-017   2.0818028968109807     
   1.1309733552923256        2.0918840264942187        7.4006646245132552       -1.7124614767786843E-018   2.0918839271350653     
   1.1435397259066848        2.1011266115116491        7.5240849005656436       -2.8450448316445322E-018   2.1011265117134967     
   1.1561060965210439        2.1095127208759328        7.6554898705828975       -4.1430145935468764E-018   2.1095126206794625     
   1.1686724671354032        2.1170229286509308        7.7948276609576475       -6.8760984839623668E-018   2.1170228280977441     
   1.1812388377497622        2.1236364180026523        7.9420358755834375       -8.3486510816693753E-018   2.1236363171353414     
   1.1938052083641215        2.1293309878187010        8.0970375357198083        4.8286272546061581E-018   2.1293308866809126     
   1.2063715789784806        2.1340830614189876        8.2597364844236321       -6.4722871554883037E-019   2.1340829600554865     
   1.2189379495928399        2.1378676980850440        8.4300122371410779        5.4309411071380470E-019   2.1378675965417835     
   1.2315043202071989        2.1406586082231702        8.6077142622335128       -1.4074226103179023E-017   2.1406585065473487     
   1.2440706908215582        2.1424281730671288        8.7926556786538264       -4.1283783002854682E-018   2.1424280713072568     
   1.2566370614359172        2.1431474699188819        8.9846063628597967       -1.2701421948055695E-017   2.1431473681248461     
   1.2692034320502765        2.1427863040198876        9.1832854635159435        3.0774341141848352E-018   2.1427862022430060     
   1.2817698026646356        2.1413132482399324        9.3883533307599194        4.0534660776091417E-018   2.1413131465330162     
   1.2943361732789949        2.1386956918640667        9.5994028769549473        7.2338930902101234E-019   2.1386955902814786     
   1.3069025438933539        2.1348998998492337        9.8159503980625420       -8.4857157242606695E-018   2.1348997984469360     
   1.3194689145077132        2.1298910840088050        10.037425899177755       -1.4243252682468644E-017   2.1298909828444135     
   1.3320352851220723        2.1236334876632577        10.263162984468629       -6.4845321678506697E-018   2.1236333867960857     
   1.3446016557364315        2.1160904853658251        10.492388390810262       -5.7756717170677924E-018   2.1160903848569261     
   1.3571680263507908        2.1072246993703749        10.724211265805177        1.3516213631128171E-017   2.1072245992825787     
   1.3697343969651499        2.0969981345514275        10.957612314575556        8.5486439106960177E-018   2.0969980349493680     
   1.3823007675795091        2.0853723335095373        11.191432965557613       -2.5040555661158933E-018   2.0853722344596721     
   1.3948671381938682        2.0723085535950796        11.424364733290364       -1.2276334449054867E-017   2.0723084551657105     
   1.4074335088082275        2.0577679675554736        11.654938985526517       -6.1403791766804161E-018   2.0577678698167450     
   1.4199998794225865        2.0417118894502972        11.881517352436468       -8.7793020716512374E-018   2.0417117924741928     
   1.4325662500369458        2.0241020273810104        12.102283046627015        6.8919229297884719E-018   2.0241019312413280     
   1.4451326206513049        2.0049007644419161        12.315233393406821        1.6991526231261682E-018   2.0049006692142468     
   1.4576989912656642        1.9840714691120409        12.518173900302372        3.8354658725906228E-018   1.9840713748737091     
   1.4702653618800232        1.9615788360687105        12.708714222204371       -6.1059077890786182E-018   1.9615787428987215     
   1.4828317324943825        1.9373892581088574        12.884266402498195       -9.4458234073866357E-019   1.9373891660878115     
   1.4953981031087415        1.9114712295092473        13.042045789749178       -3.3297441449463179E-018   1.9114711387192416     
   1.5079644737231008        1.8837957807391341        13.179075042497196        4.7479685029790088E-018   1.8837956912636411     
   1.5205308443374599        1.8543369439560873        13.292191639885740        2.0656352620981216E-018   1.8543368558798141     
   1.5330972149518192        1.8230722481669777        13.378059311568519       -3.9522985159278144E-018   1.8230721615756980     
   1.5456635855661782        1.7899832423221251        13.433183784943912       -1.0333447722697735E-017   1.7899831573024891     
   1.5582299561805375        1.7550560439336018        13.453933219651041       -6.1358229579413726E-020   1.7550559605729177     
   1.5707963267948966        1.7182819100730513        13.436563656918089       -8.9943445918152640E-018   1.7182818284590453     
   1.5833626974092558        1.6796578268168170        13.377249753472547        4.0829360603343286E-018   1.6796577470373566     
   1.5959290680236149        1.6391871123754822        13.272120995270031        3.3331079333388884E-018   1.6391870345182771     
   1.6084954386379742        1.5968800282829818        13.117303494611345        1.3887949722245367E-019   1.5968799524352553     
   1.6210618092523335        1.5527543921414519        12.908967365100185       -1.0193244996558465E-017   1.5527543183895802     
   1.6336281798666925        1.5068361845390319        12.643379542713305        4.7058376546611727E-018   1.5068361129681584     
   1.6461945504810518        1.4591601418987945        12.316961779028766       -4.8096074339682874E-018   1.4591600725924114     
   1.6587609210954108        1.4097703262000119        11.926353376131456        6.9277458072059774E-018   1.4097702592395189     
   1.6713272917097701        1.3587206617628085        11.468478064423897        3.3349962237487304E-018   1.3587205972270446     
   1.6838936623241292        1.3060754286300711        10.940614247873754        2.9610068418454898E-018   1.3060753665948208     
   1.6964600329384885        1.2519097015442944        10.340467660319703       -3.2766582240288405E-018   1.2519096420817781     
   1.7090264035528475        1.1963097231300974        9.6662452963298300       -1.0322073526244699E-018   1.1963096663084385     
   1.7215927741672068        1.1393731996836871        8.9167293064887190       -2.3401645547406572E-018   1.1393731455663676     
   1.7341591447815659        1.0812095079661765        8.0913493862324017        5.5400408699402104E-018   1.0812094566114843     
   1.7467255153959251        1.0219398016232595        7.1902520462601336        2.0699169327713464E-018   1.0219397530837266     
   1.7592918860102842       0.96169700633194000        6.2143650381972009        1.1043332473061901E-018  0.96169696065378663     
   1.7718582566246435       0.90062569352347577        5.1654551286296222       -3.9359850387097728E-019  0.90062565074605416     
   1.7844246272390025       0.83888182356355812        4.0461773746788037       -6.1654590816153076E-019  0.83888178371881272     
   1.7969909978533618       0.77663235059197477        2.8601140611239062        3.7739017953748087E-019  0.77663231370392061     
   1.8095573684677209       0.71405468283409190        1.6118015179961986        4.6357431982901908E-018  0.71405464891831705     
   1.8221237390820801       0.65133599408592546       0.30674315257384688        1.3669490805070525E-018  0.65133596314912823     
   1.8346901096964392       0.58867238422584856       -1.0485927967538391        4.7908310631104321E-019  0.58867235626541303     
   1.8472564803107985       0.52626788899163446       -2.4467920446382516       -3.9502412255582868E-018  0.52626786399525383     
   1.8598228509251575       0.46433334184560643       -3.8795305505957600        8.9950970819319560E-019  0.46433331979095849     
   1.8723892215395168       0.40308509348747235       -5.3376289441516356        8.6088658814917263E-019  0.40308507434195961     
   1.8849555921538761       0.34274359741031907       -6.8111253173170567        1.5293687239326277E-018  0.34274358113087366     
   1.8975219627682351       0.28353187276892433       -8.2893661876461984        4.0357769633249588E-019  0.28353185930188474     
   1.9100883333825944       0.22567385867351550       -9.7611149759344720       -9.2246330590284773E-019  0.22567384795458434     
   1.9226547039969535       0.16939267676456823       -11.214676867692541       -1.8382803242897563E-018  0.16939266871884939     
   1.9352210746113128       0.11490882149068336       -12.638038451170235        9.1270442580904519E-019  0.11490881603280823     
   1.9477874452256718        6.2438299827582915E-002  -14.019020062367607       -5.2455073061582989E-020   6.2438296861923703E-002
   1.9603538158400311        1.2190744169152730E-002  -15.345438335234245        1.9727668781856212E-018   1.2190743590124509E-002
   1.9729201864543902       -3.5632476276264383E-002  -16.605276069170614       -3.9241101379033190E-019  -3.5632474583811469E-002
   1.9854865570687494       -8.0840119100131627E-002  -17.786856201381564        6.7143414257609199E-019  -8.0840115260431222E-002
   1.9980529276831085      -0.12325288018547695       -18.879016422592514       -1.2141167274451017E-018 -0.12325287433127841     
   2.0106192982974678      -0.16270512583537253       -19.871280813090834        1.3246880722659949E-018 -0.16270511810729316     
   2.0231856689118271      -0.19904651875622023       -20.754024811329643       -3.1828818425420235E-019 -0.19904650930201750     
   2.0357520395261859      -0.23214351214958090       -21.518629865594562        9.2419891374808252E-019 -0.23214350112335547     
   2.0483184101405452      -0.26188068777274459       -22.157624263090490       -1.0875232973558690E-018 -0.26188067533407899     
   2.0608847807549044      -0.28816191598314150       -22.664806879050914       -5.9638374371128300E-019 -0.28816190229618455     
   2.0734511513692637      -0.31091131844620440       -23.035350935997414       -8.0769127880023176E-019 -0.31091130367870878     
   2.0860175219836226      -0.33007401730607328       -23.265885301165291        9.9903958674542391E-019 -0.33007400162839806     
   2.0985838925979818      -0.34561665812507775       -23.354551365905085       -1.4257327703932948E-019 -0.34561664170916728     
   2.1111502632123411      -0.35752769771059512       -23.301034129006101       -8.5150660631765052E-019 -0.35752768072894048     
   2.1237166338267004      -0.36581745197614518       -23.106566728292542       -1.2368247091381829E-018 -0.36581743460074856     
   2.1362830044410592      -0.37051790313011213       -22.773908311637317        9.0265157343935708E-019 -0.37051788553145615     
   2.1488493750554185      -0.37168226964901191       -22.307295788849924        2.8986321702140511E-019 -0.37168225199505134     
   2.1614157456697778      -0.36938434657107111       -21.712370638705455        1.0412562164846591E-018 -0.36938432902625662     
   2.1739821162841371      -0.36371762754092496       -20.996082540387654       -4.3723281270326923E-019 -0.36371761026526439     
   2.1865484868984963      -0.35479422365450974       -20.166572137063895        1.0192932656730302E-018 -0.35479420680268836     
   2.1991148575128552      -0.34274359741032195       -19.233035704715387       -1.3223766820099508E-018 -0.34274358113087500     
   2.2116812281272145      -0.32771113289652215       -18.205574878170658        1.4495972029079271E-018 -0.32771111733107849     
   2.2242475987415737      -0.30985656567343944       -17.095034868389781        1.3664067773409842E-019 -0.30985655095604248     
   2.2368139693559330      -0.28935229760397269       -15.912834784031830       -1.5100546693178568E-018 -0.28935228386047607     
   2.2493803399702919      -0.26638162311207769       -14.670793743699447       -3.1435305057819439E-019 -0.26638161045962949     
   2.2619467105846511      -0.24113689400068783       -13.380956434346359        2.7066911166950798E-019 -0.24113688254729970     
   2.2745130811990104      -0.21381765003990960       -12.055421641178574       -3.0161818466633693E-020 -0.21381763988411606     
   2.2870794518133697      -0.18462874206452806       -10.706177053295995        1.4812804180280101E-018 -0.18462873329513263     
   2.2996458224277285      -0.15377847333172190       -9.3449433484748425        7.6233565630640544E-019 -0.15377846602763601     
   2.3122121930420878      -0.12147678343215564       -7.9830301932609915        2.3115984417032942E-019 -0.12147677766231757     
   2.3247785636564471       -8.7933497178368847E-002  -6.6312063759395734        2.9841254708132820E-019  -8.7933493001751017E-002
   2.3373449342708064       -5.3356658678721927E-002  -5.2995858358491859        6.0163819976074233E-019  -5.3356656144415648E-002
   2.3499113048851652       -1.7950968314632210E-002  -3.9975308790750970        1.0207719899376934E-019  -1.7950967462005973E-002
   2.3624776754995245        1.8083662352655558E-002  -2.7335733935023550        3.2350619988794590E-019   1.8083661493728531E-002
   2.3750440461138838        5.4553425537135630E-002  -1.5153544102899175        1.6912881219361736E-019   5.4553422945988084E-002
   2.3876104167282430        9.1271792707116717E-002 -0.34958191730460753        4.7663574345473980E-020   9.1271788371940277E-002
   2.4001767873426019       0.12806054410544113       0.75799357567161874       -4.8030967892945772E-019  0.12806053802289297     
   2.4127431579569611       0.16475064860336636        1.8025865808195309       -1.2045383797603955E-020  0.16475064077813184     
   2.4253095285713204       0.20118299282037030        2.7803684547876317       -1.7291930079343732E-018  0.20118298326469231     
   2.4378758991856797       0.23720896089760979        3.6884449214734500       -1.7255060292394171E-019  0.23720894963079009     
   2.4504422698000390       0.27269086854480556        4.5248209099954444        4.8691457482909650E-019  0.27269085559268569     
   2.4630086404143978       0.30750225695868111        5.2883544570900884       -9.2614908743457227E-019  0.30750224235310886     
   2.4755750110287571       0.34152805391483426        5.9787015003928126        1.1609657215270204E-019  0.34152803769312357     
   2.4881413816431164       0.37466461075211821        6.5962534127171901       -5.5499824736413657E-019  0.37466459295650578     
   2.5007077522574757       0.40681962509562630        7.1420691024277332        3.3025832399358472E-019  0.40681960577273313     
   2.5132741228718345       0.43791196000539623        7.6178034372377486        4.7596052575546031E-019  0.43791193920569604     
   2.5258404934861938       0.46787137080344626        8.0256336448834489        7.1687847233074093E-019  0.46787134858075063     
   2.5384068641005531       0.49663815113852244        8.3681852111446151       -1.4419187489005414E-018  0.49663812754947823     
   2.5509732347149123       0.52416270991653513        8.6484586406929012        1.9049447800587215E-018  0.52416268502014463     
   2.5635396053292712       0.55040509057975673        8.8697582761729059        2.4687924298187948E-018  0.55040506443691983     
   2.5761059759436304       0.57533444388608235        9.0356241922807197       -1.3949727329909630E-018  0.57533441655916473     
   2.5886723465579897       0.59892846484907969        9.1497680003489368       -2.3870841422489522E-018  0.59892843640150639     
   2.6012387171723490       0.62117280387878193        9.2160132203275769        5.6546500659094224E-019  0.62117277437465934     
   2.6138050877867078       0.64206046143999984        9.2382407055289715       -1.5626463483329952E-018  0.64206043094376675     
   2.6263714584010671       0.66159117474665263        9.2203394447230540       -2.2771982215933528E-018  0.66159114332276059     
   2.6389378290154264       0.67977080416201074        9.1661629189313629       -2.9225669589828742E-018  0.67977077187463242     
   2.6515041996297857       0.69661072609935404        9.0794910585796558        6.1750412956369393E-021  0.69661069301212231     
   2.6640705702441445       0.71212723833564473        8.9639977317806867       -2.4033260722618966E-018  0.71212720451141864     
   2.6766369408585038       0.72634098278062476        8.8232235970057769       -2.6295074802666779E-018  0.72634094828128182     
   2.6892033114728631       0.73927638990043776        8.6605540732474733       -4.1209151569056028E-019  0.73927635478669584     
   2.7017696820872223       0.75096114819098236        8.4792021174580530       -1.9365254268469765E-018  0.75096111252224429     
   2.7143360527015816       0.76142570134167564        8.2821954516493737       -1.7012633146313480E-019  0.76142566517589805     
   2.7269024233159405       0.77070277503236284        8.0723678493301261       -6.1230687243281678E-019  0.77070273842594827     
   2.7394687939302997       0.77882693467011133        7.8523540714877349        1.1679673293902084E-019  0.77882689767781921     
   2.7520351645446590       0.78583417480117856        7.6245880345110439        2.1055795731879465E-018  0.78583413747606068     
   2.7646015351590183       0.79176154042816016        7.3913037946443909       -8.0278088302372697E-020  0.79176150282150770     
   2.7771679057733771       0.79664678002235145        7.1545389441146643        2.7289303569497183E-018  0.79664674218366249     
   2.7897342763877364       0.80052802964533376        6.9161400313741641       -1.6668662518718873E-018  0.80052799162229527     
   2.8023006470020957       0.80344352727878787        6.6777696404398972       -6.8896661990488989E-018  0.80344348911727037     
   2.8148670176164550       0.80543135620391193        6.4409147906872297        7.2016260365780884E-019  0.80543131794797795     
   2.8274333882308138       0.80652921606757033        6.2068963474142969        5.1104383058925204E-019  0.80652917775949040     
   2.8399997588451731       0.80677422011657962        5.9768791639271308       -9.3351759803544383E-019  0.80677418179686344     
   2.8525661294595324       0.80620271696982870        5.7518827068511085       -1.2197920940949481E-018  0.80620267867725692     
   2.8651325000738916       0.80485013522500048        5.5327919470566567        4.5187964917035302E-018  0.80485009699667298     
   2.8776988706882505       0.80275084915802164        5.3203683283463654       -5.0024461949006063E-019  0.80275081102940482     
   2.8902652413026098       0.79993806376397292        5.1152606543780781       -2.1415821046234165E-018  0.79993802576895656     
   2.9028316119169690       0.79644371740384612        4.9180157608115769       -1.6938594392758598E-019  0.79644367957480189     
   2.9153979825313283       0.79229840035790811        4.7290888640948650        1.4241825787762328E-018  0.79229836272575560     
   2.9279643531456871       0.78753128763970026        4.5488535004819308        1.2998388178648713E-018  0.78753125023397352     
   2.9405307237600464       0.78217008449141678        4.3776109887080299        3.5966684545015115E-018  0.78217004734033346     
   2.9530970943744057       0.77624098305839140        4.2155993672280410        1.1950594114933939E-018  0.77624094618892525     
   2.9656634649887650       0.76976862882496333        4.0630017720867189       -3.2698758920961745E-018  0.76976859226291783     
   2.9782298356031243       0.76277609548370318        3.9199542344231122       -1.4656098284184788E-018  0.76277605925378511     
   2.9907962062174831       0.75528486700281017        3.7865528874323826        7.3690837674597313E-019  0.75528483112870615     
   3.0033625768318424       0.74731482575077568        3.6628605814586801        1.7106317674013358E-018  0.74731479025522829     
   3.0159289474462017       0.73888424563173227        3.5489129129293251        7.3335160903734470E-019  0.73888421053661602     
   3.0284953180605609       0.73000978927819460        3.4447236782271466       -5.4228768571513735E-018  0.73000975460459228     
   3.0410616886749198       0.72070650843929451        3.3502897675031749       -3.0035998881958759E-018  0.72070647420757428     
   3.0536280592892791       0.71098784679153537        3.2655955160189696       -1.2823085257758017E-018  0.71098781302142655     
   3.0661944299036383       0.70086564448510946        3.1906165320379913        9.9480010688196334E-019  0.70086561119577973     
   3.0787608005179976       0.69035014382175564        3.1253230207090690        1.0024821356380180E-018  0.69035011103188526     
   3.0913271711323564       0.67944999553990881        3.0696826229454515        2.1894434565269733E-018  0.67944996326776763     
   3.1038935417467157       0.66817226525959650        3.0236627871319666        2.6441926170612856E-019  0.66817223352311872     
   3.1164599123610750       0.65652243971336299        2.9872326897130894       -8.7723286396538031E-019  0.65652240853022248     
   3.1290262829754343       0.64450443246072153        2.9603647184382673       -1.5445545890914659E-018  0.64450440184840552     
   3.1415926535897931       0.63212058885267275        2.9430355293715391        8.0197378666686641E-019  0.63212055882855789     
   3.1541590242041524       0.61937169008004311        2.9352266858059175       -2.7451613865287699E-020  0.61937166066146809     
   3.1667253948185117       0.60625695620532338        2.9369248840487421        2.5112353953423778E-018  0.60625692740966519     
   3.1792917654328710       0.59277404814281209        2.9481217677471911       -2.8838567891083744E-019  0.59277401998755730     
   3.1918581360472298       0.57891906861670839        2.9688133290854779       -1.4867214712897323E-018  0.57891904111952974     
   3.2044245066615891       0.56468656219194768        2.9989988918880259       -7.4941959870014210E-019  0.56468653537077684     
   3.2169908772759483       0.55006951453846575        3.0386796684882591        1.4313983152399409E-018  0.55006948841156733     
   3.2295572478903076       0.53505935115681458        3.0878568792555416        3.0869989028393906E-019  0.53505932574286041     
   3.2421236185046669       0.51964593586206953        3.1465294210025530        2.0647399718873088E-018  0.51964591118021364     
   3.2546899891190257       0.50381756939419875        3.2146910682181806       -2.8780336232406173E-019  0.50381754546415003     
   3.2672563597333850       0.48756098859686864        3.2923271892898862       -6.5197109753296724E-019  0.48756096543896527     
   3.2798227303477443       0.47086136668337863        3.3794109587073784       -2.5886416629627103E-019  0.47086134431866544     
   3.2923891009621036       0.45370231518817439        3.4758990457982217        1.2121433355036634E-018  0.45370229363847209     
   3.3049554715764624       0.43606588828530229        3.5817267609680532       -1.3798144836177072E-019  0.43606586757328547     
   3.3175218421908217       0.41793259024122464        3.6968026418461815        5.8059726323654173E-019  0.41793257039049297     
   3.3300882128051810       0.39928138685829023        3.8210024643227332       -6.7937615837011420E-019  0.39928136789344310     
   3.3426545834195402       0.38008972185656842        3.9541626673663197       -2.3221171232973878E-019  0.38008970380327622     
   3.3552209540338991       0.36033353923504063        4.0960731858956905       -2.5020514578047172E-020  0.36033352212011710     
   3.3677873246482584       0.33998731274745581        4.2464696930131973        1.2118043817259602E-018  0.33998729659892579     
   3.3803536952626176       0.31902408372246227        4.4050252617552452        8.3671425860375896E-019  0.31902406856963195     
   3.3929200658769769       0.29741550855043725        4.5713414673338848       -4.7741539314713399E-019  0.29741549442395948     
   3.4054864364913358       0.27513191724917674        4.7449389637737971       -1.2616767541934361E-018  0.27513190418111250     
   3.4180528071056950       0.25214238460513860        4.9252475840098375        1.6505991878246098E-020  0.25214237262901862     
   3.4306191777200543       0.22841481546396203        5.1115960299864760       -5.7854922533909499E-019  0.22841480461484087     
   3.4431855483344136       0.20391604581067957        5.3032012391322541        1.0269710849789175E-018  0.20391603612518749     
   3.4557519189487724       0.17861196133336321        5.4991575357546267        9.2014578914768737E-019  0.17861195284975051     
   3.4683182895631317       0.15246763520034678        5.6984257003263279        6.2083881398046295E-019  0.15246762795852309     
   3.4808846601774910       0.12544748679681716        5.8998221161443780       -1.0924394604950723E-018  0.12544748083838142     
   3.4934510307918503        9.7515463157278826E-002   6.1020081811670188        3.7420181388424244E-019   9.7515458525542997E-002
   3.5060174014062095        6.8635244791723185E-002   6.3034802025904169       -5.2853265642229948E-019   6.8635241531723845E-002
   3.5185837720205684        3.8770477530538631E-002   6.5025600224058566        5.2534659218398692E-019   3.8770475689039574E-002
   3.5311501426349277        7.8850319014820477E-003   6.6973866531313622        9.7878120679548437E-019   7.8850315269628490E-003
   3.5437165132492869       -2.4056708603564996E-002   6.8859092333419945        1.2159293009361626E-018  -2.4056707460933024E-002
   3.5562828838636462       -5.7089529218548180E-002   7.0658816415789758       -1.0515873925286631E-018  -5.7089526506941657E-002
   3.5688492544780051       -9.1247034653908793E-002   7.2348591335924022        1.7893502752451073E-020  -9.1247030319907774E-002
   3.5814156250923643      -0.12656126832686013        7.3901973904072511        7.1339972777334703E-019 -0.12656126231552323     
   3.5939819957067236      -0.16306229986617254        7.5290543820018812        1.0165734051885603E-018 -0.16306229212112999     
   3.6065483663210829      -0.20077778112608544        7.6483954619359364        7.4217421415181713E-019 -0.20077777158965338     
   3.6191147369354417      -0.23973247144926746        7.7450021104579250       -1.3317643698486168E-019 -0.23973246006258697     
   3.6316811075498010      -0.27994773348994251        7.8154847358089654       -5.4782478267316648E-019 -0.27994772019313985     
   3.6442474781641603      -0.32144100154418381        7.8562999239689946        8.9104030916719860E-020 -0.32144098627655704     
   3.6568138487785196      -0.36422522503221855        7.8637724943807390       -3.7987001857014288E-019 -0.36422520773245026     
   3.6693802193928784      -0.40830829053181789        7.8341226717860737        3.3592618608773561E-019 -0.40830827113821644     
   3.6819465900072377      -0.45369242656568953        7.7634986209909265        7.7031034129909493E-019 -0.45369240501645758     
   3.6945129606215970      -0.50037359618878463        7.6480145112177551        1.0185178835351100E-018 -0.50037357242231606     
   3.7070793312359562      -0.54834088329151387        7.4837941791909923       -4.2399952021820703E-019 -0.54834085724672188     
   3.7196457018503151      -0.59757587941643875        7.2670203452127051        5.9363100552029882E-019 -0.59757585103311006     
   3.7322120724646743      -0.64805207876129978        6.9939892047966588       -6.7757508259034640E-019 -0.64805204798048022     
   3.7447784430790336      -0.69973428988942910        6.6611700711921120       -7.1882965403957418E-019 -0.69973425665383615     
   3.7573448136933929      -0.75257807346677363        6.2652695833468828        7.4134931536344949E-019 -0.75257803772123621     
   3.7699111843077522      -0.80652921606757177        5.8032998223392509        9.5659965734501675E-019 -0.80652917775949229     
   3.7824775549221110      -0.86152325071119018        5.2726495006903296        1.4606916383981536E-020 -0.86152320979103447     
   3.7950439255364703      -0.91748503528301961        4.6711572077137253       -4.1994884603946912E-019 -0.91748499170482223     
   3.8076102961508296      -0.97432840032363555        3.9971855154217937        1.1069795684831007E-018 -0.97432835404552343     
   3.8201766667651889       -1.0319558778151690        3.2496945794333532       -1.1105834086409405E-018  -1.0319558287998982     
   3.8327430373795477       -1.0902585225247350        2.4283137143424853       -1.2449104825463630E-020  -1.0902584707402383     
   3.8453094079939070       -1.1491158371578656        1.5334092900282121        5.2582647524696381E-019  -1.1491157825777965     
   3.8578757786082662       -1.2083958120087956       0.56614719151042669        2.4488148575158535E-019  -1.2083957546130786     
   3.8704421492226255       -1.2679550889532700      -0.47145198280422557       -6.5769842290270477E-019  -1.2679550287286392     
   3.8830085198369844       -1.3276392585020578       -1.5764668346577930        5.3140617594228335E-020  -1.3276391954425817     
   3.8955748904513436       -1.3872832972157620       -2.7450400177675491       -9.1263234564000848E-019  -1.3872832313233465     
   3.9081412610657029       -1.4467121510774017       -3.9723557772254021        5.2518562563163559E-019  -1.4467120823622666     
   3.9207076316800622       -1.5057414684405135       -5.2526317914271248        1.5162525282893801E-018  -1.5057413969216367     
   3.9332740022944210       -1.5641784839380140       -6.5791267382160221        7.2147606798029318E-019  -1.5641784096435278     
   3.9458403729087803       -1.6218230522811854       -7.9441647548135537        1.1541365114003909E-019  -1.6218229752487296     
   3.9584067435231396       -1.6784688282380578       -9.3391776524203785        2.2541329685835217E-019  -1.6784687485150718     
   3.9709731141374989       -1.7339045863045874       -10.754765385692476        1.4064010876735661E-018  -1.7339045039485441     
   3.9835394847518577       -1.7879156707266262       -12.180774871563298       -1.4052344271815921E-019  -1.7879155858051941     
   3.9961058553662170       -1.8402855636595543       -13.606396810357801       -4.5725010853213518E-019  -1.8402854762506864     
   4.0086722259805763       -1.8907975564342339       -15.020279696211075       -5.6891286685290696E-019  -1.8907974666261749     
   4.0212385965949355       -1.9392365062062222       -16.410659726751131       -2.9001275251672724E-019  -1.9392364140974370     
   4.0338049672092948       -1.9853906577740486       -17.765504848555871       -4.2641995173691127E-018  -1.9853905634730591     
   4.0463713378236541       -2.0290535081363865       -19.072670720795884        5.8783315380681554E-019  -2.0290534117615238     
   4.0589377084380134       -2.0700256894882036       -20.320065960857150       -7.2046050250132209E-019  -2.0700255911672656     
   4.0715040790523718       -2.1081168448979088       -21.495823668504190       -8.4551658238503779E-019  -2.1081167447677371     
   4.0840704496667311       -2.1431474699188815       -22.588475924285206        5.1839308992306542E-019  -2.1431473681248456     
   4.0966368202810903       -2.1749506929165765       -23.587127736790546       -1.2901067326045053E-019  -2.1749505896119681     
   4.1092031908954496       -2.2033739669715215       -24.481626783213454       -5.6858839886275542E-019  -2.2033738623168810     
   4.1217695615098089       -2.2282806468692722       -25.262725256743575        3.9832145546465256E-019  -2.2282805410316282     
   4.1343359321241682       -2.2495514259156941       -25.922230207678776       -7.9364268040722508E-019  -2.2495513190677414     
   4.1469023027385274       -2.2670856091085074       -26.453138944115466        6.4378336888524419E-019  -2.2670855014277267     
   4.1594686733528867       -2.2808022015257969       -26.849756340171453        4.9982597522429326E-019  -2.2808020931935125     
   4.1720350439672451       -2.2906407936150743       -27.107791278509513        2.3719701192004241E-019  -2.2906406848154828     
   4.1846014145816044       -2.2965622283233551       -27.224429919329776       -2.6364811294264934E-018  -2.2965621192425107     
   4.1971677851959637       -2.2985490386265455       -27.198384026433860        1.4171365965097014E-018  -2.2985489294513326     
   4.2097341558103230       -2.2966056479113099       -27.029913175964218       -9.6222606695811842E-019  -2.2966055388284019     
   4.2223005264246822       -2.2907583297410565       -26.720820306223995        1.4032668344907870E-018  -2.2907582209358814     
   4.2348668970390415       -2.2810549277010450       -26.274420717287722       -1.3065391574544176E-018  -2.2810548193567568     
   4.2474332676534008       -2.2675643401638204       -25.695485275900889       -1.0543659247586783E-018  -2.2675642324603018     
   4.2599996382677601       -2.2503757788443344       -24.990159203564087       -1.1793310562261620E-018  -2.2503756719572268     
   4.2725660088821185       -2.2295978138264880       -24.165858403828576        2.1517029572269671E-018  -2.2295977079262825     
   4.2851323794964777       -2.2053572212493098       -23.231145800617075        7.5814807547307284E-019  -2.2053571165004686     
   4.2976987501108370       -2.1777976529605216       -22.195590597268577        4.0671856067632135E-019  -2.1777975495206907     
   4.3102651207251963       -2.1470781501097620       -21.069613713523882       -2.8742993000636500E-018  -2.1470780481290288     
   4.3228314913395556       -2.1133715248083966       -19.864322905911536        8.2464596809659675E-019  -2.1133714244286428     
   4.3353978619539149       -2.0768626355894324       -18.591341220846385        2.8284164927386630E-019  -2.0768625369437581     
   4.3479642325682741       -2.0377465834365083       -17.262632468012463        7.4790750865368259E-019  -2.0377464866487447     
   4.3605306031826334       -1.9962268556098677       -15.890327336873348       -4.8998761986173183E-019  -1.9962267607941857     
   4.3730969737969927       -1.9525134443895464       -14.486553617604482       -1.3622480881469289E-018  -1.9525133516501403     
   4.3856633444113511       -1.9068209672071399       -13.063273738699991       -1.0000743711828677E-018  -1.9068208766380099     
   4.3982297150257104       -1.8593668134866239       -11.632132508940382       -2.1478715538771151E-019  -1.8593667251714452     
   4.4107960856400696       -1.8103693419126106       -10.204317565323501        1.3888091875980506E-020  -1.8103692559246862     
   4.4233624562544289       -1.7600461498515168       -8.7904345963197930       -3.4406627615332353E-019  -1.7600460662538167     
   4.4359288268687882       -1.7086124343354714       -7.4003989474819791        1.1383949781705444E-019  -1.7086123531807416     
   4.4484951974831475       -1.6562794614524112       -6.0433447400772220       -7.9909126094150267E-019  -1.6562793827833648     
   4.4610615680975068       -1.6032531582436604       -4.7275521584864162       -1.8220482020043599E-019  -1.6032530820932271     
   4.4736279387118660       -1.5497328383664934       -3.4603931029309094        1.2644839324967756E-018  -1.5497327647581391     
   4.4861943093262244       -1.4959100699058829       -2.2482949733256605        7.6357717699197580E-019  -1.4959099988539724     
   4.4987606799405837       -1.4419676908839718       -1.0967219584264738        1.0559280530382513E-018  -1.4419676223941873     
   4.5113270505549430       -1.3880789752793925       -1.0172860434839032E-002  -1.2022761759370137E-018  -1.3880789093491839     
   4.5238934211693023       -1.3344069497848154        1.0078058050001411       -4.5572563277412987E-019  -1.3344068864038907     
   4.5364597917836615       -1.2811038591458701        1.9545929260836041       -9.8909207408725825E-019  -1.2811037982967073     
   4.5490261623980208       -1.2283107757737486        2.8284537957144029        9.0649123706498186E-020  -1.2283107174321215     
   4.5615925330123801       -1.1761573474347378        3.6284907770949237        7.0383950240387280E-020  -1.1761572915702656     
   4.5741589036267394       -1.1247616752104379        4.3545854742515502        1.0339737451980704E-018  -1.1247616217871297     
   4.5867252742410987       -1.0742303126014960        5.0073342544400310        2.4034389156561317E-019  -1.0742302615782982     
   4.5992916448554571       -1.0246583756165224        5.5879789294463560       -1.4337756289948647E-019  -1.0246583269478653     
   4.6118580154698163      -0.97612975293980209        6.0983343222336046       -7.2182367987598596E-019 -0.97612970657613074     
   4.6244243860841756      -0.92871740479385401        6.5407143310196778        3.1233937766354422E-019 -0.92871736068214816     
   4.6369907566985349      -0.88248373888774301        6.9178579617726159        5.5631171835217191E-019 -0.88248369697201801     
   4.6495571273128942      -0.83748105184713295        7.2328566393414953        6.0131944483693217E-019 -0.83748101206892112     
   4.6621234979272534      -0.79375202473203987        7.4890839338137205       -2.0256909104680465E-019 -0.79375198703084537     
   4.6746898685416127      -0.75133026163580729        7.6901286585507949        5.1344244859388109E-019 -0.75133022594953802     
   4.6872562391559720      -0.71024086089568306        7.8397321154341784       -2.6191993003024139E-020 -0.71024082716105585     
   4.6998226097703304      -0.67050100910310861        7.9417300861451663        1.8731243480950596E-019 -0.67050097725602242     
   4.7123889803846897      -0.63212058885267197        7.9999999999999982        5.2534955684978760E-019 -0.63212055882855811     
   4.7249553509990490      -0.59510279198632554        8.0184135523236577        4.9629434966975449E-019 -0.59510276372046222     
   4.7375217216134082      -0.55944473094904168        8.0007949051080534       -9.9182554933515230E-019 -0.55944470437684590     
   4.7500880922277675      -0.52513804175181134        7.9508844755079631       -1.8072747573470930E-018 -0.52513801680909544     
   4.7626544628421268      -0.49216947291740398        7.8723082085992742       -6.4466497198705975E-019 -0.49216944954061076     
   4.7752208334564861      -0.46052145564703251        7.7685521391253785        1.8990130957758348E-019 -0.46052143377343957     
   4.7877872040708453      -0.43017265127729082        7.6429419724930128        6.4059521595196387E-019 -0.43017263084518859     
   4.8003535746852037      -0.40109847288500922        7.4986273573864173        2.6856307747154781E-019 -0.40109845383385612     
   4.8129199452995630      -0.37327157863389931        7.3385704800140825        1.9349472218138154E-019 -0.37327156090445274     
   4.8254863159139223      -0.34666233513455130        7.1655385818749862       -7.1525286409460107E-021 -0.34666231866897601     
   4.8380526865282816      -0.32123924970387713        6.9820999875271204        8.4160866195578141E-019 -0.32123923444583330     
   4.8506190571426409      -0.29696937095952863        6.7906232245486935        4.0497061334481379E-019 -0.29696935685424225     
   4.8631854277570001      -0.27381865766812796        6.5932788230426453        8.8752650990805316E-019 -0.27381864466244127     
   4.8757517983713594      -0.25175231618445099        6.3920433950085300        9.9224505116849656E-019 -0.25175230422685912     
   4.8883181689857187      -0.23073510717405268        6.1887056131138074       -8.1603990791230013E-019 -0.23073509621472466     
   4.9008845396000780      -0.21073162260721937        5.9848737323605166       -1.1569080984266510E-019 -0.21073161259800577     
   4.9134509102144364      -0.19170653425144099        5.7819843255110941       -4.5155099981175182E-019 -0.19170652514587061     
   4.9260172808287956      -0.17362481507715344        5.5813119326999425        8.3591121085151505E-019 -0.17362480683041859     
   4.9385836514431549      -0.15645193513203223        5.3839793563607143        9.2435149402732210E-019 -0.15645192770096544     
   4.9511500220575142      -0.14015403353733016        5.1909683635414918        1.9019828227200489E-018 -0.14015402688037187     
   4.9637163926718735      -0.12469806832078356        5.0031305881174246        6.3716408759255254E-021 -0.12469806239794423     
   4.9762827632862328      -0.11005194582902836        4.8211984547391138       -5.3663375377239428E-019 -0.11005194060184254     
   4.9888491339005920       -9.6184631463039252E-002   4.6457959741112402       -2.2883176199441546E-019  -9.6184626894515457E-002
   5.0014155045149513       -8.3066243457192601E-002   4.4774492850358785        8.8904468633971204E-019  -8.3066239511758955E-002
   5.0139818751293097       -7.0668131380196939E-002   4.3165968423440448        8.5276874157165904E-019  -7.0668128023641974E-002
   5.0265482457436690       -5.8962940978061561E-002   4.1635991712364655        8.7011554266140000E-019  -5.8962938177473168E-002
   5.0391146163580283       -4.7924666908935092E-002   4.0187481276000883        4.1974795062495090E-019  -4.7924664632636116E-002
   5.0516809869723875       -3.7528694839894211E-002   3.8822756205634628       -4.6028007679004436E-020  -3.7528693057377438E-002
   5.0642473575867468       -2.7751834289394144E-002   3.7543617679602295       -1.1461376035371821E-019  -2.7751832971253165E-002
   5.0768137282011061       -1.8572343508207318E-002   3.6351424675813315        3.5999603956798437E-019  -1.8572342626068661E-002
   5.0893800988154654       -9.9699475983164206E-003   3.5247163772409884       -4.5058189970530800E-019  -9.9699471247697846E-003
   5.1019464694298247       -1.9258509748974800E-003   3.4231513049061717        9.5369801193231120E-019  -1.9258508834250065E-003
   5.1145128400441839        5.5772548174328222E-003   3.3304900166043754       -4.6118126098006568E-019   5.5772545525271111E-003
   5.1270792106585423        1.2555187015541659E-002   3.2467554746958642       -7.1628152464582869E-019   1.2555186419201891E-002
   5.1396455812729016        1.9022270447816864E-002   3.1719555225411020       -6.6374038675360625E-020   1.9022269544307358E-002
   5.1522119518872609        2.4991338503102083E-002   3.1060870337755531        7.7139181266488767E-019   2.4991337316077111E-002
   5.1647783225016202        3.0473735603195478E-002   3.0491395454789960        2.2727955619933188E-019   3.0473734155770649E-002
   5.1773446931159794        3.5479320605311206E-002   3.0010983946446026       -3.1066989696311555E-021   3.5479318920133784E-002
   5.1899110637303387        4.0016470639494192E-002   2.9619473766525295        9.7290255716860283E-019   4.0016468738813760E-002
   5.2024774343446980        4.4092084961554527E-002   2.9316709430631978        7.2287566830902846E-019   4.4092082867292826E-002
   5.2150438049590573        4.7711588474858568E-002   2.9102559540854895        2.6879894101348700E-019   4.7711586208679824E-002
   5.2276101755734157        5.0878934644622259E-002   2.8976929986541684       -1.4851301872224878E-019   5.0878932228002660E-002
   5.2401765461877750        5.3596607596570589E-002   2.8939772922696210        2.5797270500309828E-019   5.3596605050868384E-002
   5.2527429168021342        5.5865623258417700E-002   2.8991091597052652        6.3857775499535411E-020   5.5865620604942878E-002
   5.2653092874164935        5.7685529468071109E-002   2.9130941064612368        9.1068950626550503E-019   5.7685526728155412E-002
   5.2778756580308528        5.9054405037286387E-002   2.9359424795212505       -2.2814439946181450E-019   5.9054402232352921E-002
   5.2904420286452121        5.9968857824230920E-002   2.9676687146342320        5.0215884637682692E-019   5.9968854975863128E-002
   5.3030083992595713        6.0424021933597472E-002   3.0082901640747308       -1.6520433803831056E-019   6.0424019063610501E-002
   5.3155747698739306        6.0413554229066489E-002   3.0578254957191731        4.0757992894237588E-020   6.0413551359576767E-002
   5.3281411404882890        5.9929630410530003E-002   3.1162926513947911        5.4498376862370708E-020   5.9929627564025478E-002
   5.3407075111026483        5.8962940978062164E-002   3.1837063499062093        5.9860768657467255E-019   5.8962938177473279E-002
   5.3532738817170076        5.7502687476530347E-002   3.2600751180191412        1.5217543386351536E-019   5.7502684745299515E-002
   5.3658402523313669        5.5536579489348856E-002   3.3453978310881634        2.4575596462950682E-019   5.5536576851503094E-002
   5.3784066229457261        5.3050832927446098E-002   3.4396597440715104       -2.6408917777387817E-019   5.3050830407666949E-002
   5.3909729935600854        5.0030170240193204E-002   3.5428279935056772       -8.2379288159570090E-019   5.0030167863887365E-002
   5.4035393641744447        4.6457823258884513E-002   3.6548465517525881        1.9110253599844878E-018   4.6457821052256654E-002
   5.4161057347888040        4.2315539470249394E-002   3.7756306166273994        7.6472538855672180E-019   4.2315537460369090E-002
   5.4286721054031633        3.7583592607127778E-002   3.9050604225202226       -4.7293402092772759E-020   3.7583590822003021E-002
   5.4412384760175216        3.2240798535440575E-002   4.0429744635024774        7.6624014228748331E-021   3.2240797004084942E-002
   5.4538048466318809        2.6264537510176891E-002   4.1891621248233006       -7.7964934477751426E-019   2.6264536262678717E-002
   5.4663712172462402        1.9630783967476341E-002   4.3433557268211143       -1.8507610547275754E-018   1.9630783035064492E-002
   5.4789375878605995        1.2314145113721435E-002   4.5052219947626195        1.2994456758500649E-020   1.2314144528831006E-002
   5.4915039584749588        4.2879096644478166E-003   4.6743529796284378       -1.8006228582634035E-018   4.2879094607830015E-003
   5.5040703290893180       -4.4758918259781028E-003   4.8502564685259122        4.7988639087736699E-019  -4.4758916133847415E-003
   5.5166366997036773       -1.4006413520764351E-002   5.0323459393342036        5.5596021899035624E-019  -1.4006412855495254E-002
   5.5292030703180366       -2.4333906146221045E-002   5.2199301324455423       -1.0935700233260539E-018  -2.4333904990422539E-002
   5.5417694409323950       -3.5489612466921824E-002   5.4122023330826110        4.6200571179530536E-019  -3.5489610781255343E-002
   5.5543358115467543       -4.7505644683049748E-002   5.6082294806089559       -1.7867914628688671E-018  -4.7505642426652450E-002
   5.5669021821611135       -6.0414842012597413E-002   5.8069412463920509       -5.3331703577154473E-019  -6.0414839143046017E-002
   5.5794685527754728       -7.4250606713395326E-002   6.0071192489290821        3.2198945639110950E-019  -7.4250603186680419E-002
   5.5920349233898321       -8.9046716818541108E-002   6.2073866037942835       -7.8695679907574441E-020  -8.9046712589048838E-002
   5.6046012940041914      -0.10483711390845935        6.4061980360944926        4.1915216745098159E-019 -0.10483710892896358     
   5.6171676646185507      -0.12165566432805419        6.6018308139681530       -1.3496941726714340E-019 -0.12165565854971994     
   5.6297340352329099      -0.13953589238332395        6.7923767925381364        5.2757000704318859E-019 -0.13953588575572473     
   5.6423004058472692      -0.15851068422313661        6.9757358877806741        2.7439785082017680E-019 -0.15851067669428309     
   5.6548667764616276      -0.17861196133336266        7.1496113279983371        4.9465626553946960E-019 -0.17861195284974996     
   5.6674331470759869      -0.19987032284691314        7.3115070558270814        3.2631562459003392E-019 -0.19987031335358219     
   5.6799995176903462      -0.22231465620804367        7.4587276746577826        7.4813494780071476E-019 -0.22231464564866443     
   5.6925658883047054      -0.24597171612645302        7.5883813485756173       -6.3450549340599382E-019 -0.24597170444342364     
   5.7051322589190647      -0.27086567221803948        7.6973860728642807       -4.6726104883675691E-020 -0.27086565935261053     
   5.7176986295334240      -0.29701762625665179        7.7824797311647664       -5.3925423433269600E-020 -0.29701761214907174     
   5.7302650001477833      -0.32444510055406850        7.8402343438600974        7.7891536743773454E-019 -0.32444508514375303     
   5.7428313707621426      -0.35316149964249072        7.8670748885447832       -8.3173576675109332E-019 -0.35316148286821991     
   5.7553977413765010      -0.38317554815113847        7.8593030359817249        3.8358288065724141E-019 -0.38317552995127679     
   5.7679641119908602      -0.41449070854025760        7.8131260923660681        9.1371306656996556E-019 -0.41449068885300577     
   5.7805304826052195      -0.44710458317399415        7.7246913698684612       -3.4772514204378109E-019 -0.44710456193766668     
   5.7930968532195788      -0.48100830606716571        7.5901261215222453       -4.3717554261339721E-019 -0.48100828322049782     
   5.8056632238339381      -0.51618593051666528        7.4055830731886942       -4.0024578232124825E-019 -0.51618590599914982     
   5.8182295944482973      -0.55261381970982537        7.1672914647504529       -3.4111125443081331E-019 -0.55261379346207740     
   5.8307959650626566      -0.59026004827083578        6.8716133756365734        1.6385200467935137E-018 -0.59026002023498847     
   5.8433623356770159      -0.62908382354040171        6.5151049577694122       -6.6206429217608107E-020 -0.62908379366052403     
   5.8559287062913743      -0.66903493615977849        6.0945820343099699        3.8810004308738810E-019 -0.66903490438232494     
   5.8684950769057336      -0.71005325022211374        5.6071893482465711       -5.3805985565297752E-019 -0.71005321649639519     
   5.8810614475200929      -0.75206824383419291        5.0504725648392181       -4.3725283370951459E-019 -0.75206820811286945     
   5.8936278181344521      -0.79499861137219652        4.4224519509296387       -3.4678135615079763E-019 -0.79499857361179027     
   5.9061941887488114      -0.83875193898730449        3.7216964776508354        6.7949042538533103E-019 -0.83875189914872650     
   5.9187605593631707      -0.88322446499319074        2.9473969272776133        9.5480336247095886E-019 -0.88322442304228121     
   5.9313269299775300      -0.92830093662159385        2.0994364365278479       -1.1070436689609786E-018 -0.92830089252966685     
   5.9438933005918893      -0.97385457424105337        1.1784567845542562       -2.8610429555722169E-019 -0.97385452798544447     
   5.9564596712062485       -1.0197471534774962       0.18591864126504129        6.8771270007212996E-019  -1.0197471050421067     
   5.9690260418206069       -1.0658292147396080      -0.87584606261027131       -3.5965385297681389E-019  -1.0658291641154385     
   5.9815924124349662       -1.1119404084277920       -2.0035914916978101        4.6102087046261547E-019  -1.1119403556134586     
   5.9941587830493255       -1.1579099825915167       -3.1931267953519464       -7.9614702997458029E-019  -1.1579099275937450     
   6.0067251536636848       -1.2035574180023667       -4.4392982412312909        5.4599967393625952E-019  -1.2035573608364585     
   6.0192915242780440       -1.2486932135439950       -5.7359861502264220       -1.7154189891085040E-019  -1.2486931542342516     
   6.0318578948924033       -1.2931198225092535       -7.0761179768867404       -9.5402111546662904E-019  -1.2931197610893599     
   6.0444242655067626       -1.3366327378725680       -8.4516986081562706        4.0045405402529233E-019  -1.3366326743859218     
   6.0569906361211219       -1.3790217219145222       -9.8538586265875221        1.5011651001953493E-018  -1.3790216564145070     
   6.0695570067354803       -1.4200721727663488       -11.272920907612786       -2.9904837724685125E-019  -1.4200721053165424     
   6.0821233773498395       -1.4595666175740325       -12.698485501652744        4.9614305852662033E-020  -1.4595665482483406     
   6.0946897479641988       -1.4972863191201078       -14.119532300810484       -2.1786129208880612E-019  -1.4972862480028262     
   6.1072561185785581       -1.5330129799570580       -15.524540518709291       -5.1495288417269178E-019  -1.5330129071428504     
   6.1198224891929174       -1.5665305254726183       -16.901623534472165       -2.2680161138457542E-019  -1.5665304510664133     
   6.1323888598072767       -1.5976269448999425       -18.238677183070241        1.0677216147466297E-018  -1.5976268690167368     
   6.1449552304216359       -1.6260961671770160       -19.523539130193885        9.2085477690542408E-019  -1.6260960899415946     
   6.1575216010359952       -1.6517399468201530       -20.744156566574027       -2.8051333454784390E-019  -1.6517398683667182     
   6.1700879716503545       -1.6743697336688699       -21.888759109974529       -3.5544675218719380E-019  -1.6743696541405777     
   6.1826543422647129       -1.6938084995380189       -22.946033527411416        2.0484052347820056E-019  -1.6938084190864344     
   6.1952207128790722       -1.7098924945214526       -23.905296698265058       -1.5263064446883298E-019  -1.7098924133059199     
   6.2077870834934314       -1.7224729059593940       -24.756663141094489        4.3047357825350055E-018  -1.7224728241463234     
   6.2203534541077907       -1.7314173939248128       -25.491203430424321        9.5038195669481336E-019  -1.7314173116869020     
   6.2329198247221500       -1.7366114785017226       -26.101089938365828        2.1699203418303494E-019  -1.7366113960171059     
   6.2454861953365093       -1.7379597561037841       -26.579726549757790       -5.7523813209385430E-020  -1.7379596735551268     
   6.2580525659508686       -1.7353869245812183       -26.921859314741255       -2.2736035364434259E-020  -1.7353868421547651     
   6.2706189365652278       -1.7288385998387505       -27.123665411660728       -3.1085747317547302E-021  -1.7288385177233256     
