   0.0000000000000000        0.0000000000000000        0.0000000000000000        0.0000000000000000        0.0000000000000000        0.0000000000000000        0.0000000000000000     
   9.4912164761020934E-002   0.0000000000000000        5.5787969921489468E-002   9.0266835022699568E-002   9.0266829365493712E-002   5.5787964264283604E-002   0.0000000000000000     
  0.18982432952204187        0.0000000000000000        9.2380018418612264E-002  0.14947400332258232       0.14947400220055362        9.2380012200392062E-002   0.0000000000000000     
  0.28473649428306280        0.0000000000000000        9.7185282232033821E-002  0.15724908760005460       0.15724908844390964        9.7185285645182307E-002   0.0000000000000000     
  0.37964865904408374        0.0000000000000000        6.8550335438396309E-002  0.11091678060892976       0.11091678421282694        6.8550343093738947E-002   0.0000000000000000     
  0.47456082380510467        0.0000000000000000        1.6328104973987258E-002   2.6419431481956544E-002   2.6419435002556078E-002   1.6328106325675863E-002   0.0000000000000000     
  0.56947298856612560        0.0000000000000000       -4.1512414498082392E-002  -6.7168503325045037E-002  -6.7168508184504053E-002  -4.1512418713867877E-002   0.0000000000000000     
  0.66438515332714654        0.0000000000000000       -8.5069049957703313E-002 -0.13764461921469540      -0.13764462311925987       -8.5069056523090464E-002   0.0000000000000000     
  0.75929731808816747        0.0000000000000000       -9.9354521396326639E-002 -0.16075898857117421      -0.16075898688308565       -9.9354522000051321E-002   0.0000000000000000     
  0.85420948284918841        0.0000000000000000       -7.9453373311041867E-002 -0.12855825345286831      -0.12855825127803325       -7.9453365344711147E-002   0.0000000000000000     
  0.94912164761020934        0.0000000000000000       -3.2213334402442340E-002  -5.2122273801608408E-002  -5.2122269841184406E-002  -3.2213330259545120E-002   0.0000000000000000     
   1.0440338123712303        0.0000000000000000        2.6110896059454200E-002   4.2248317162331087E-002   4.2248315937369149E-002   2.6110892482486242E-002   0.0000000000000000     
   1.1389459771322512        0.0000000000000000        7.5450702107043646E-002  0.12208180327791436       0.12208179695577399        7.5450696151219410E-002   0.0000000000000000     
   1.2338581418932721        0.0000000000000000        9.8828892229505416E-002  0.15990850013995914       0.15990850044100108        9.8828888930032124E-002   0.0000000000000000     
   1.3287703066542931        0.0000000000000000        8.8201322761119527E-002  0.14271273790810540       0.14271274104649428        8.8201328333726958E-002   0.0000000000000000     
   1.4236824714153140        0.0000000000000000        4.7224809739758830E-002   7.6411356717895673E-002   7.6411359232131576E-002   4.7224816971642700E-002   0.0000000000000000     
   1.5185946361763349        0.0000000000000000       -1.0001145833249864E-002  -1.6182194833437715E-002  -1.6182193223354822E-002  -1.0001147706609047E-002   0.0000000000000000     
   1.6135068009373559        0.0000000000000000       -6.3785836310451080E-002 -0.10320765880739556      -0.10320766414028949       -6.3785842463475836E-002   0.0000000000000000     
   1.7084189656983768        0.0000000000000000       -9.5622645884594945E-002 -0.15472069224665097      -0.15472069565323976       -9.5622650035644269E-002   0.0000000000000000     
   1.8033311304593977        0.0000000000000000       -9.4556931002438102E-002 -0.15299632324808202      -0.15299631926147178       -9.4556928741480500E-002   0.0000000000000000     
   1.8982432952204187        0.0000000000000000       -6.0955384987800600E-002  -9.8627881792082012E-002  -9.8627879149327052E-002  -6.0955376797055864E-002   0.0000000000000000     
   1.9931554599814396        0.0000000000000000       -6.3798705276275174E-003  -1.0322851007533843E-002  -1.0322849472183940E-002  -6.3798687833859884E-003   0.0000000000000000     
   2.0880676247424605        0.0000000000000000        5.0390872229107292E-002   8.1534143765220807E-002   8.1534141615157554E-002   5.0390865767400962E-002   0.0000000000000000     
   2.1829797895034817        0.0000000000000000        8.9822762245361287E-002  0.14533628406992380       0.14533627822407291        8.9822757282683935E-002   0.0000000000000000     
   2.2778919542645024        0.0000000000000000        9.8347793958464672E-002  0.15913006765865051       0.15913006944486083        9.8347794169763483E-002   0.0000000000000000     
   2.3728041190255231        0.0000000000000000        7.3032606609098730E-002  0.11816924163351984       0.11816924641491035        7.3032613222759529E-002   0.0000000000000000     
   2.4677162837865443        0.0000000000000000        2.2587838120020860E-002   3.6547899138390010E-002   3.6547899951070030E-002   2.2587843527679476E-002   0.0000000000000000     
   2.5626284485475654        0.0000000000000000       -3.5629107225244858E-002  -5.7649110943339237E-002  -5.7649111424242568E-002  -3.5629112034283129E-002   0.0000000000000000     
   2.6575406133085862        0.0000000000000000       -8.1586537974162140E-002 -0.13200979962769327      -0.13200980443467586       -8.1586544768840197E-002   0.0000000000000000     
   2.7524527780696069        0.0000000000000000       -9.9471095243788124E-002 -0.16094760994383647      -0.16094761220691128       -9.9471096112663707E-002   0.0000000000000000     
   2.8473649428306280        0.0000000000000000       -8.3128922257936499E-002 -0.13450541663537069      -0.13450541102129859       -8.3128917674237912E-002   0.0000000000000000     
   2.9422771075916492        0.0000000000000000       -3.8183149272570632E-002  -6.1781633123389260E-002  -6.1781630675034074E-002  -3.8183142437246465E-002   0.0000000000000000     
   3.0371892723526699        0.0000000000000000        1.9900955604156154E-002   3.2200419684908624E-002   3.2200418508355602E-002   1.9900954581706216E-002   0.0000000000000000     
   3.1321014371136906        0.0000000000000000        7.1137394414104757E-002  0.11510272181234855       0.11510271926946129        7.1137386316115270E-002   0.0000000000000000     
   3.2270136018747118        0.0000000000000000        9.7896368413907753E-002  0.15839965214851850       0.15839964781651164        9.7896365539519303E-002   0.0000000000000000     
   3.3219257666357329        0.0000000000000000        9.0970458821821601E-002  0.14719329042066329       0.14719329341742593        9.0970462447305833E-002   0.0000000000000000     
   3.4168379313967536        0.0000000000000000        5.2742778109780820E-002   8.5339611069495766E-002   8.5339616562241594E-002   5.2742784402813409E-002   0.0000000000000000     
   3.5117500961577743        0.0000000000000000       -3.6330126886223481E-003  -5.8783303666790875E-003  -5.8783315531075742E-003  -3.6330101179297622E-003   0.0000000000000000     
   3.6066622609187955        0.0000000000000000       -5.8758723551314077E-002  -9.5073619077193097E-002  -9.5073621420716126E-002  -5.8758730403257908E-002   0.0000000000000000     
   3.7015744256798166        0.0000000000000000       -9.3666318126537959E-002 -0.15155529349268693      -0.15155529683239316       -9.3666324167339318E-002   0.0000000000000000     
   3.7964865904408374        0.0000000000000000       -9.6344540975762838E-002 -0.15588873513495691      -0.15588873588705118       -9.6344538330442486E-002   0.0000000000000000     
   3.8913987552018581        0.0000000000000000       -6.5871837409345130E-002 -0.10658286777949705      -0.10658286152845883       -6.5871831521391505E-002   0.0000000000000000     
   3.9863109199628792        0.0000000000000000       -1.2733476182904113E-002  -2.0603199873712882E-002  -2.0603198208889652E-002  -1.2733472029295492E-002   0.0000000000000000     
   4.0812230847239004        0.0000000000000000        4.4786308451665119E-002   7.2465767692106345E-002   7.2465764013240105E-002   4.4786304887248302E-002   0.0000000000000000     
   4.1761352494849211        0.0000000000000000        8.6895697574704944E-002  0.14060019203103036       0.14060018973965449        8.6895689400103379E-002   0.0000000000000000     
   4.2710474142459418        0.0000000000000000        9.9105392064197301E-002  0.16035589242079351       0.16035589034539954        9.9105391943150267E-002   0.0000000000000000     
   4.3659595790069634        0.0000000000000000        7.7214192458153780E-002  0.12493518620859934       0.12493518984888753        7.7214198739166240E-002   0.0000000000000000     
   4.4608717437679841        0.0000000000000000        2.8754578565292867E-002   4.6525889711947120E-002   4.6525894888190658E-002   2.8754583211379758E-002   0.0000000000000000     
   4.5557839085290048        0.0000000000000000       -2.9599113006061030E-002  -4.7892366142384485E-002  -4.7892369233618247E-002  -2.9599113702660981E-002   0.0000000000000000     
   4.6506960732900255        0.0000000000000000       -7.7768125327639784E-002 -0.12583147876552569      -0.12583148239771022       -7.7768132896569642E-002   0.0000000000000000     
   4.7456082380510463        0.0000000000000000       -9.9178131490414753E-002 -0.16047359256851670      -0.16047359374402237       -9.9178135566995229E-002   0.0000000000000000     
   4.8405204028120679        0.0000000000000000       -8.6462219614254335E-002 -0.13989880064579688      -0.13989879986013842       -8.6462213912790936E-002   0.0000000000000000     
   4.9354325675730886        0.0000000000000000       -4.3995758920109526E-002  -7.1186631090322833E-002  -7.1186625330678738E-002  -4.3995753004976289E-002   0.0000000000000000     
   5.0303447323341093        0.0000000000000000        1.3609079867205658E-002   2.2019948746729884E-002   2.2019949243486901E-002   1.3609080527398430E-002   0.0000000000000000     
   5.1252568970951309        0.0000000000000000        6.6531204363686355E-002  0.10764975002137969       0.10764974450748863        6.6531199026987814E-002   0.0000000000000000     
   5.2201690618561516        0.0000000000000000        9.6560795184128079E-002  0.15623864863819620       0.15623864720745567        9.6560788498385855E-002   0.0000000000000000     
   5.3150812266171723        0.0000000000000000        9.3365055455914503E-002  0.15106783173409929       0.15106783223034953        9.3365058177731677E-002   0.0000000000000000     
   5.4099933913781930        0.0000000000000000        5.8043596947715485E-002   9.3916513573857080E-002   9.3916517107883679E-002   5.8043604620330619E-002   0.0000000000000000     
   5.5049055561392137        0.0000000000000000        2.7500823176345134E-003   4.4497308839159602E-003   4.4497348167636952E-003   2.7500843011385410E-003   0.0000000000000000     
   5.5998177209002353        0.0000000000000000       -5.3489696546563256E-002  -8.6548145913821303E-002  -8.6548150423852832E-002  -5.3489700282943038E-002   0.0000000000000000     
   5.6947298856612560        0.0000000000000000       -9.1324356154765265E-002 -0.14776592095490676      -0.14776592508532682       -9.1324362942108925E-002   0.0000000000000000     
   5.7896420504222768        0.0000000000000000       -9.7735484481226848E-002 -0.15813933754816545      -0.15813933625078730       -9.7735485811837136E-002   0.0000000000000000     
   5.8845542151832984        0.0000000000000000       -7.0517088277398915E-002 -0.11409903512856179      -0.11409903310820051       -7.0517080585243808E-002   0.0000000000000000     
   5.9794663799443191        0.0000000000000000       -1.9034657392950734E-002  -3.0798722815798506E-002  -3.0798718603133067E-002  -1.9034652716701767E-002   0.0000000000000000     
   6.0743785447053398        0.0000000000000000        3.8997354684317261E-002   6.3099038721541295E-002   6.3099037954314888E-002   3.8997351714535000E-002   0.0000000000000000     
   6.1692907094663605        0.0000000000000000        8.3610871441559986E-002  0.13528523369599171       0.13528522734702492        8.3610865485153674E-002   0.0000000000000000     
   6.2642028742273812        0.0000000000000000        9.9454961885724918E-002  0.16092150891874074       0.16092150878036823        9.9454957954784359E-002   0.0000000000000000     
   6.3591150389884028        0.0000000000000000        8.1077876325590326E-002  0.13118675754603146       0.13118676045108768        8.1077881377698474E-002   0.0000000000000000     
   6.4540272037494235        0.0000000000000000        3.4802932003022452E-002   5.6312330015275615E-002   5.6312332663958790E-002   3.4802939552946249E-002   0.0000000000000000     
   6.5489393685104442        0.0000000000000000       -2.3447251828250852E-002  -3.7938447050904454E-002  -3.7938445015437021E-002  -2.3447252996917529E-002   0.0000000000000000     
   6.6438515332714658        0.0000000000000000       -7.3629534153421800E-002 -0.11913509132934022      -0.11913509646070275       -7.3629540101520508E-002   0.0000000000000000     
   6.7387636980324865        0.0000000000000000       -9.8476840807203911E-002 -0.15933888260963341      -0.15933888639857779       -9.8476845440755592E-002   0.0000000000000000     
   6.8336758627935072        0.0000000000000000       -8.9439536531584762E-002 -0.14471620842893587      -0.14471620480990735       -8.9439534915689040E-002   0.0000000000000000     
   6.9285880275545280        0.0000000000000000       -4.9627233931027692E-002  -8.0298541508664140E-002  -8.0298538806421349E-002  -4.9627225716849049E-002   0.0000000000000000     
   7.0235001923155487        0.0000000000000000        7.2611718599124471E-003   1.1748820186707615E-002   1.1748822068959310E-002   7.2611743074521840E-003   0.0000000000000000     
   7.1184123570765703        0.0000000000000000        6.1651099171377288E-002   9.9753566800106830E-002   9.9753564980412185E-002   6.1651093138226754E-002   0.0000000000000000     
   7.2133245218375910        0.0000000000000000        9.4827667941668914E-002  0.15343439339082096       0.15343438735204246        9.4827662658298062E-002   0.0000000000000000     
   7.3082366865986117        0.0000000000000000        9.5375256195558811E-002  0.15432040658746771       0.15432040788994933        9.5375255740901346E-002   0.0000000000000000     
   7.4031488513596333        0.0000000000000000        6.3105442949658253E-002  0.10210674901843325       0.10210675373265406        6.3105449316171069E-002   0.0000000000000000     
   7.4980610161206540        0.0000000000000000        9.1218542321915667E-003   1.4759474971170194E-002   1.4759476092126550E-002   9.1218601962794604E-003   0.0000000000000000     
   7.5929731808816747        0.0000000000000000       -4.8000443169846946E-002  -7.7666346679135939E-002  -7.7666346808183143E-002  -4.8000447343672009E-002   0.0000000000000000     
   7.6878853456426954        0.0000000000000000       -8.8606402337861490E-002 -0.14336817616398850      -0.14336818095420450       -8.8606409246019799E-002   0.0000000000000000     
   7.7827975104037161        0.0000000000000000       -9.8724040432442151E-002 -0.15973885709340016      -0.15973885982233621       -9.8724041943934332E-002   0.0000000000000000     
   7.8777096751647377        0.0000000000000000       -7.4872006755434081E-002 -0.12114544714055150      -0.12114544179487002       -7.4872002605372037E-002   0.0000000000000000     
   7.9726218399257585        0.0000000000000000       -2.5257472141658060E-002  -4.0867441059677150E-002  -4.0867438347551084E-002  -2.5257464991497943E-002   0.0000000000000000     
   8.0675340046867792        0.0000000000000000        3.3047841150256253E-002   5.3472525454358696E-002   5.3472524644512638E-002   3.3047840861499450E-002   0.0000000000000000     
   8.1624461694478008        0.0000000000000000        7.9981812051681173E-002  0.12941328403021488       0.12941328162688084        7.9981804114714963E-002   0.0000000000000000     
   8.2573583342088206        0.0000000000000000        9.9395061999417028E-002  0.16082459352185152       0.16082458887015705        9.9395058548986170E-002   0.0000000000000000     
   8.3522704989698422        0.0000000000000000        8.4607750918564345E-002  0.13689821710508454       0.13689821966795576        8.4607753980790429E-002   0.0000000000000000     
   8.4471826637308638        0.0000000000000000        4.0707998766286536E-002   6.5866922887734436E-002   6.5866928497573821E-002   4.0708005132783824E-002   0.0000000000000000     
   8.5420948284918836        0.0000000000000000       -1.7198855872055323E-002  -2.7828327743742949E-002  -2.7828328512358381E-002  -1.7198852618052270E-002   0.0000000000000000     
   8.6370069932529052        0.0000000000000000       -6.9187799826625138E-002 -0.11194821170458631      -0.11194821384316690       -6.9187806240129116E-002   0.0000000000000000     
   8.7319191580139268        0.0000000000000000       -9.7370109631503943E-002 -0.15754815443121542      -0.15754815793774529       -9.7370116084038602E-002   0.0000000000000000     
   8.8268313227749466        0.0000000000000000       -9.2048620936053274E-002 -0.14893779776334082      -0.14893779897408713       -9.2048618961114451E-002   0.0000000000000000     
   8.9217434875359682        0.0000000000000000       -5.5054383332165342E-002  -8.9079856823749026E-002  -8.9079850687587170E-002  -5.5054377578607726E-002   0.0000000000000000     
   9.0166556522969881        0.0000000000000000        8.8336711960787864E-004   1.4293216440849008E-003   1.4293237271920979E-003   8.8337181345814197E-004   0.0000000000000000     
   9.1115678170580097        0.0000000000000000        5.6517165541563330E-002   9.1446688735778672E-002   9.1446685364613006E-002   5.6517162595495538E-002   0.0000000000000000     
   9.2064799818190313        0.0000000000000000        9.2704127048875012E-002  0.14999842397693694       0.14999842160814730        9.2704118733859281E-002   0.0000000000000000     
   9.3013921465800511        0.0000000000000000        9.6992783940292052E-002  0.15693762661091409       0.15693762415571286        9.6992783103309971E-002   0.0000000000000000     
   9.3963043113410727        0.0000000000000000        6.7907473433963986E-002  0.10987660039735925       0.10987660373693706        6.7907479371252272E-002   0.0000000000000000     
   9.4912164761020925        0.0000000000000000        1.5456072942795905E-002   2.5008448726069256E-002   2.5008454183730121E-002   1.5456077965755391E-002   0.0000000000000000     
   9.5861286408631141        0.0000000000000000       -4.2313566289194415E-002  -6.8464782873890642E-002  -6.8464785522609622E-002  -4.2313566313813007E-002   0.0000000000000000     
   9.6810408056241357        0.0000000000000000       -8.5523645296701520E-002 -0.13838016668528066      -0.13838017030440503       -8.5523652710594311E-002   0.0000000000000000     
   9.7759529703851555        0.0000000000000000       -9.9306136942416023E-002 -0.16068071306330767      -0.16068071455084049       -9.9306141648463409E-002   0.0000000000000000     
   9.8708651351461771        0.0000000000000000       -7.8918668508877354E-002 -0.12769308464223778      -0.12769308421748563       -7.8918663368381131E-002   0.0000000000000000     
   9.9657772999071987        0.0000000000000000       -3.1376295874669627E-002  -5.0767905786020938E-002  -5.0767899966151692E-002  -3.1376289766445492E-002   0.0000000000000000     
   10.060689464668219        0.0000000000000000        2.6962264210295239E-002   4.3625859151473725E-002   4.3625860140771591E-002   2.6962265524004839E-002   0.0000000000000000     
   10.155601629429240        0.0000000000000000        7.6023454469880777E-002  0.12300852705576799       0.12300852172435275        7.6023449513403896E-002   0.0000000000000000     
   10.250513794190262        0.0000000000000000        9.8925943947000272E-002  0.16006553785597094       0.16006553614701693        9.8925936847532980E-002   0.0000000000000000     
   10.345425958951282        0.0000000000000000        8.7789283851147634E-002  0.14204605045047178       0.14204605058699324        8.7789285860062891E-002   0.0000000000000000     
   10.440338123712303        0.0000000000000000        4.6445462461750589E-002   7.5150336917960747E-002   7.5150340340703975E-002   4.6445470082641375E-002   0.0000000000000000     
   10.535250288473323        0.0000000000000000       -1.0879646562607335E-002  -1.7603640183211360E-002  -1.7603635859053692E-002  -1.0879643976707810E-002   0.0000000000000000     
   10.630162453234345        0.0000000000000000       -6.4461210843325109E-002 -0.10430042542701307      -0.10430042955799772       -6.4461214055999250E-002   0.0000000000000000     
   10.725074617995366        0.0000000000000000       -9.5862495403364847E-002 -0.15510877894602898      -0.15510878326226701       -9.5862502347776712E-002   0.0000000000000000     
   10.819986782756386        0.0000000000000000       -9.4278728190274372E-002 -0.15254619406531289      -0.15254619315793727       -9.4278730243133366E-002   0.0000000000000000     
   10.914898947517408        0.0000000000000000       -6.0254867053686018E-002  -9.7494416260468453E-002  -9.7494414430938786E-002  -6.0254859699037495E-002   0.0000000000000000     
   11.009811112278427        0.0000000000000000       -5.4980733668042181E-003  -8.8960628673601591E-003  -8.8960584346704924E-003  -5.4980682071535218E-003   0.0000000000000000     
   11.104723277039449        0.0000000000000000        5.1150542863590394E-002   8.2763311863490188E-002   8.2763311567993020E-002   5.1150540525395631E-002   0.0000000000000000     
   11.199635441800471        0.0000000000000000        9.0198909104246924E-002  0.14594489550367212       0.14594488917224752        9.0198903214654305E-002   0.0000000000000000     
   11.294547606561490        0.0000000000000000        9.8210983456558154E-002  0.15890871048534505       0.15890870992310788        9.8210978923084252E-002   0.0000000000000000     
   11.389459771322512        0.0000000000000000        7.2429919672240037E-002  0.11719407607640507       0.11719407871890096        7.2429924156199504E-002   0.0000000000000000     
   11.484371936083534        0.0000000000000000        2.1726653743902667E-002   3.5154463894607003E-002   3.5154466639795899E-002   2.1726661547152630E-002   0.0000000000000000     
   11.579284100844554        0.0000000000000000       -3.6452475242583354E-002  -5.8981345571485246E-002  -5.8981343113048035E-002  -3.6452475705922173E-002   0.0000000000000000     
   11.674196265605575        0.0000000000000000       -8.2088776732505822E-002 -0.13282242771549169      -0.13282243260511256       -8.2088782413013969E-002   0.0000000000000000     
   11.769108430366597        0.0000000000000000       -9.9479380657220562E-002 -0.16096102295572901      -0.16096102709641152       -9.9479385725258607E-002   0.0000000000000000     
   11.864020595127617        0.0000000000000000       -8.2640409665990122E-002 -0.13371499715849294      -0.13371499392551073       -8.2640408720716263E-002   0.0000000000000000     
   11.958932759888638        0.0000000000000000       -3.7365939049212787E-002  -6.0459350656071206E-002  -6.0459347935011960E-002  -3.7365930881319204E-002   0.0000000000000000     
   12.053844924649658        0.0000000000000000        2.0765679609270019E-002   3.3599580198172455E-002   3.3599582411556916E-002   2.0765682735202077E-002   0.0000000000000000     
   12.148757089410680        0.0000000000000000        7.1752098686890281E-002  0.11609732596920713       0.11609732450919413        7.1752093132869496E-002   0.0000000000000000     
   12.243669254171701        0.0000000000000000        9.8049533670291983E-002  0.15864747498933476       0.15864746879836406        9.8049528127570285E-002   0.0000000000000000     
   12.338581418932721        0.0000000000000000        9.0609379484400454E-002  0.14660905969900420       0.14660906051508701        9.0609378362074972E-002   0.0000000000000000     
   12.433493583693743        0.0000000000000000        5.1991704078954093E-002   8.4124346706823963E-002   8.4124351313473400E-002   5.1991710134231456E-002   0.0000000000000000     
   12.528405748454762        0.0000000000000000       -4.5156474246590278E-003  -7.3064717090789884E-003  -7.3064703065262235E-003  -4.5156409515360943E-003   0.0000000000000000     
   12.623317913215784        0.0000000000000000       -5.9469223218301968E-002  -9.6223225313341015E-002  -9.6223225074082097E-002  -5.9469226726260482E-002   0.0000000000000000     
   12.718230077976806        0.0000000000000000       -9.3960203163981348E-002 -0.15203080109006989      -0.15203080582078199       -9.3960210117327359E-002   0.0000000000000000     
   12.813142242737825        0.0000000000000000       -9.6120681762532967E-002 -0.15552653395052773      -0.15552653713027764       -9.6120683895251025E-002   0.0000000000000000     
   12.908054407498847        0.0000000000000000       -6.5207270605230960E-002 -0.10550758286120206      -0.10550757781794975       -6.5207266939300290E-002   0.0000000000000000     
   13.002966572259869        0.0000000000000000       -1.1856876786068945E-002  -1.9184820289532042E-002  -1.9184817350257920E-002  -1.1856869383141577E-002   0.0000000000000000     
   13.097878737020888        0.0000000000000000        4.5573324615923338E-002   7.3739190213626946E-002   7.3739189774340339E-002   4.5573325066053022E-002   0.0000000000000000     
   13.192790901781910        0.0000000000000000        8.7322331602201625E-002  0.14129049004426816       0.14129048781908218        8.7322323892827888E-002   0.0000000000000000     
   13.287703066542932        0.0000000000000000        9.9024835342254910E-002  0.16022554905562031       0.16022554411324069        9.9024831358558843E-002   0.0000000000000000     
   13.382615231303951        0.0000000000000000        7.6654163655301588E-002  0.12402904827885693       0.12402905038740285        7.6654166122310963E-002   0.0000000000000000     
   13.477527396064973        0.0000000000000000        2.7907783350094861E-002   4.5155741980856229E-002   4.5155747664352139E-002   2.7907789722533619E-002   0.0000000000000000     
   13.572439560825993        0.0000000000000000       -3.0441307131613995E-002  -4.9255070575586188E-002  -4.9255070936267450E-002  -3.0441303214863675E-002   0.0000000000000000     
   13.667351725587014        0.0000000000000000       -7.8315935318034546E-002 -0.12671784515063919      -0.12671784705242439       -7.8315941238553122E-002   0.0000000000000000     
   13.762263890348036        0.0000000000000000       -9.9243055031066008E-002 -0.16057863694576707      -0.16057864058248189       -9.9243061835258245E-002   0.0000000000000000     
   13.857176055109056        0.0000000000000000       -8.6021913638096983E-002 -0.13918638310277792      -0.13918638477564962       -8.6021912343164739E-002   0.0000000000000000     
   13.952088219870078        0.0000000000000000       -4.3201738316768885E-002  -6.9901880622078832E-002  -6.9901874643662570E-002  -4.3201732762720907E-002   0.0000000000000000     
   14.047000384631097        0.0000000000000000        1.4483601124975575E-002   2.3434967219725270E-002   2.3434969696048826E-002   1.4483606317160173E-002   0.0000000000000000     
   14.141912549392119        0.0000000000000000        6.7185326762339084E-002  0.10870814114798624       0.10870813810724886        6.7185324468840513E-002   0.0000000000000000     
   14.236824714153141        0.0000000000000000        9.6769442566275676E-002  0.15657623647920313       0.15657623407292784        9.6769434180014047E-002   0.0000000000000000     
   14.331736878914160        0.0000000000000000        9.3056425282251665E-002  0.15056846173191962       0.15056845890844306        9.3056423744801456E-002   0.0000000000000000     
   14.426649043675182        0.0000000000000000        5.7323888602083081E-002   9.2752007260477776E-002   9.2752010265249027E-002   5.7323894139934925E-002   0.0000000000000000     
   14.521561208436204        0.0000000000000000        1.8669438386123213E-003   3.0207759818413338E-003   3.0207816831525972E-003   1.8669491812128014E-003   0.0000000000000000     
   14.616473373197223        0.0000000000000000       -5.4232394689722158E-002  -8.7749858965002286E-002  -8.7749861162135262E-002  -5.4232394032019876E-002   0.0000000000000000     
   14.711385537958245        0.0000000000000000       -9.1671063053797755E-002 -0.14832689479903871      -0.14832689836439431       -9.1671070245199535E-002   0.0000000000000000     
   14.806297702719267        0.0000000000000000       -9.7566894000535614E-002 -0.15786655317653869      -0.15786655495300286       -9.7566899296339230E-002   0.0000000000000000     
   14.901209867480286        0.0000000000000000       -6.9891210919413471E-002 -0.11308635649113585      -0.11308635644845064       -6.9891206378656839E-002   0.0000000000000000     
   14.996122032241308        0.0000000000000000       -1.8166860516220421E-002  -2.9394594626366920E-002  -2.9394588789430499E-002  -1.8166854281368206E-002   0.0000000000000000     
   15.091034197002328        0.0000000000000000        3.9808476325313147E-002   6.4411473569671016E-002   6.4411475043116811E-002   3.9808478279251922E-002   0.0000000000000000     
   15.185946361763349        0.0000000000000000        8.4086232526101520E-002  0.13605437829142736       0.13605437317957197        8.4086228006113067E-002   0.0000000000000000     
   15.280858526524371        0.0000000000000000        9.9430991542789574E-002  0.16088271481702782       0.16088271286288869        9.9430984087451060E-002   0.0000000000000000     
   15.375770691285391        0.0000000000000000        8.0562814089981394E-002  0.13035337682628328       0.13035337659490626        8.0562815370955498E-002   0.0000000000000000     
   15.470682856046412        0.0000000000000000        3.3974010922575584E-002   5.4971111297589977E-002   5.4971114568212812E-002   3.3974018423545818E-002   0.0000000000000000     
   15.565595020807432        0.0000000000000000       -2.4304807254984646E-002  -3.9326009151339866E-002  -3.9326004460448052E-002  -2.4304804101963458E-002   0.0000000000000000     
   15.660507185568454        0.0000000000000000       -7.4220657560263165E-002 -0.12009154750051104      -0.12009155122612319       -7.4220660210170167E-002   0.0000000000000000     
   15.755419350329475        0.0000000000000000       -9.8598132780213565E-002 -0.15953512817625481      -0.15953513263704086       -9.8598139814957519E-002   0.0000000000000000     
   15.850331515090495        0.0000000000000000       -8.9049253980315851E-002 -0.14408472340793207      -0.14408472288575866       -8.9049256744071575E-002   0.0000000000000000     
   15.945243679851517        0.0000000000000000       -4.8859672948873209E-002  -7.9056611569350316E-002  -7.9056609965068164E-002  -4.8859665991891579E-002   0.0000000000000000     
   16.040155844612539        0.0000000000000000        8.1418945434359458E-003   1.3173867365343764E-002   1.3173871983240021E-002   8.1419001322014829E-003   0.0000000000000000     
   16.135068009373558        0.0000000000000000        6.2341945336386990E-002  0.10087138881220419       0.10087138899840804        6.2341943647808130E-002   0.0000000000000000     
   16.229980174134578        0.0000000000000000        9.5090934787799702E-002  0.15386035857893293       0.15386035230910355        9.5090929031866236E-002   0.0000000000000000     
   16.324892338895602        0.0000000000000000        9.5120348405940108E-002  0.15390795088660325       0.15390794991979914        9.5120343304846686E-002   0.0000000000000000     
   16.419804503656621        0.0000000000000000        6.2420065408699592E-002  0.10099779456888511       0.10099779692266253        6.2420069281973606E-002   0.0000000000000000     
   16.514716668417641        0.0000000000000000        8.2418453014850117E-003   1.3335591238767645E-002   1.3335594041222018E-002   8.2418532911466627E-003   0.0000000000000000     
   16.609628833178665        0.0000000000000000       -4.8772283143550366E-002  -7.8915218407604668E-002  -7.8915215532752145E-002  -4.8772282907644973E-002   0.0000000000000000     
   16.704540997939684        0.0000000000000000       -8.9004500705981621E-002 -0.14401230775957305      -0.14401231236908785       -8.9004506059095823E-002   0.0000000000000000     
   16.799453162700704        0.0000000000000000       -9.8611412065099935E-002 -0.15955661381307640      -0.15955661827202061       -9.8611417515119634E-002   0.0000000000000000     
   16.894365327461728        0.0000000000000000       -7.4287399544531202E-002 -0.12019954187723209      -0.12019953904487976       -7.4287399289112377E-002   0.0000000000000000     
   16.989277492222747        0.0000000000000000       -2.4402050101159371E-002  -3.9483344889182828E-002  -3.9483342189864538E-002  -2.4402042049007540E-002   0.0000000000000000     
   17.084189656983767        0.0000000000000000        3.3879733078670073E-002   5.4818565998448032E-002   5.4818568523471445E-002   3.3879736851916441E-002   0.0000000000000000     
   17.179101821744791        0.0000000000000000        8.0503940555260264E-002  0.13025811047670574       0.13025810940263008        8.0503935526101411E-002   0.0000000000000000     
   17.274013986505810        0.0000000000000000        9.9427773666886043E-002  0.16087751046650972       0.16087750416559310        9.9427767928613797E-002   0.0000000000000000     
   17.368926151266830        0.0000000000000000        8.4139779594580813E-002  0.13614102150395813       0.13614102183518195        8.4139777809565885E-002   0.0000000000000000     
   17.463838316027854        0.0000000000000000        3.9900365493026071E-002   6.4560155186156529E-002   6.4560159646391446E-002   3.9900371175642227E-002   0.0000000000000000     
   17.558750480788873        0.0000000000000000       -1.8068245493349518E-002  -2.9235032364976651E-002  -2.9235030710414434E-002  -1.8068238563344215E-002   0.0000000000000000     
   17.653662645549893        0.0000000000000000       -6.9819802383204690E-002 -0.11297082056925167      -0.11297081994903958       -6.9819805200867516E-002   0.0000000000000000     
   17.748574810310913        0.0000000000000000       -9.7547267681711666E-002 -0.15783479443067255      -0.15783479905917167       -9.7547274611854654E-002   0.0000000000000000     
   17.843486975071936        0.0000000000000000       -9.1709969689145493E-002 -0.14838984507572250      -0.14838984868732774       -9.1709972415480526E-002   0.0000000000000000     
   17.938399139832956        0.0000000000000000       -5.4316445220077177E-002  -8.7885859026744298E-002  -8.7885854317077572E-002  -5.4316442084114326E-002   0.0000000000000000     
   18.033311304593976        0.0000000000000000        1.7666670172052888E-003   2.8585301520719988E-003   2.8585332801319696E-003   1.7666746081332965E-003   0.0000000000000000     
   18.128223469355000        0.0000000000000000        5.7241894389709135E-002   9.2619337004279989E-002   9.2619336935314683E-002   5.7241895577158280E-002   0.0000000000000000     
   18.223135634116019        0.0000000000000000        9.3020926084251776E-002  0.15051101487731519       0.15051101286739513        9.3020918666711777E-002   0.0000000000000000     
   18.318047798877039        0.0000000000000000        9.6792646043459524E-002  0.15661378490831240       0.15661377970728124        9.6792641574243610E-002   0.0000000000000000     
   18.412959963638063        0.0000000000000000        6.7259252872549538E-002  0.10882775995287744       0.10882776159048729        6.7259254718427461E-002   0.0000000000000000     
   18.507872128399082        0.0000000000000000        1.4582816306802106E-002   2.3595499177747788E-002   2.3595504891190798E-002   1.4582822617333624E-002   0.0000000000000000     
   18.602784293160102        0.0000000000000000       -4.3111374156151773E-002  -6.9755668702947332E-002  -6.9755668669498255E-002  -4.3111369603571148E-002   0.0000000000000000     
   18.697696457921126        0.0000000000000000       -8.5971493974844382E-002 -0.13910480602047637      -0.13910480765630737       -8.5971499352302388E-002   0.0000000000000000     
   18.792608622682145        0.0000000000000000       -9.9249931909259959E-002 -0.16058976226399013      -0.16058976599246066       -9.9249939001993887E-002   0.0000000000000000     
   18.887520787443165        0.0000000000000000       -7.8377740956723826E-002 -0.12681784582173156      -0.12681784795602702       -7.8377740344736879E-002   0.0000000000000000     
   18.982432952204185        0.0000000000000000       -3.0536772343431332E-002  -4.9409539505315354E-002  -4.9409533726214060E-002  -3.0536767051959682E-002   0.0000000000000000     
   19.077345116965208        0.0000000000000000        2.7811504242052761E-002   4.4999962754831632E-002   4.4999965596059718E-002   2.7811509885554985E-002   0.0000000000000000     
   19.172257281726228        0.0000000000000000        7.6590202338602364E-002  0.12392555580058051       0.12392555310937556        7.6590200725910385E-002   0.0000000000000000     
   19.267169446487248        0.0000000000000000        9.9015199280002381E-002  0.16020994993279372       0.16020994752936116        9.9015190892321692E-002   0.0000000000000000     
   19.362081611248271        0.0000000000000000        8.7370329551483716E-002  0.14136815827925436       0.14136815510297002        8.7370327335506287E-002   0.0000000000000000     
   19.456993776009291        0.0000000000000000        4.5662446432700565E-002   7.3883397009743584E-002   7.3883399648279099E-002   4.5662451519574460E-002   0.0000000000000000     
   19.551905940770311        0.0000000000000000       -1.1757292570802467E-002  -1.9023694466392477E-002  -1.9023688561249717E-002  -1.1757286969036853E-002   0.0000000000000000     
   19.646818105531334        0.0000000000000000       -6.5131493985849012E-002 -0.10538497398296061      -0.10538497572358438       -6.5131492642149055E-002   0.0000000000000000     
   19.741730270292354        0.0000000000000000       -9.6094786742376065E-002 -0.15548463612113797      -0.15548463959305223       -9.6094793645646756E-002   0.0000000000000000     
   19.836642435053374        0.0000000000000000       -9.3993100962230819E-002 -0.15208403041380075      -0.15208403245285862       -9.3993106802710349E-002   0.0000000000000000     
   19.931554599814397        0.0000000000000000       -5.9549593735559563E-002  -9.6353264078695308E-002  -9.6353264435641933E-002  -5.9549589827515743E-002   0.0000000000000000     
   20.026466764575417        0.0000000000000000       -4.6158330774019700E-003  -7.4685777107376256E-003  -7.4685719004357332E-003  -4.6158267833648001E-003   0.0000000000000000     
   20.121378929336437        0.0000000000000000        5.1906173897151665E-002   8.3985957265185915E-002   8.3985959210289882E-002   5.1906176471548542E-002   0.0000000000000000     
   20.216291094097461        0.0000000000000000        9.0567935782312758E-002  0.14654200172735574       0.14654199686972549        9.0567931751083380E-002   0.0000000000000000     
   20.311203258858480        0.0000000000000000        9.8066436105729238E-002  0.15867481752777995       0.15867481536368033        9.8066428355885360E-002   0.0000000000000000     
   20.406115423619500        0.0000000000000000        7.1821525784639073E-002  0.11620966786743060       0.11620966726402493        7.1821526329303914E-002   0.0000000000000000     
   20.501027588380524        0.0000000000000000        2.0863748246151517E-002   3.3758263206499453E-002   3.3758266285140427E-002   2.0863755560455069E-002   0.0000000000000000     
   20.595939753141543        0.0000000000000000       -3.7272968870367892E-002  -6.0308929117705495E-002  -6.0308924088073902E-002  -3.7272965191003586E-002   0.0000000000000000     
   20.690851917902563        0.0000000000000000       -8.2584534430748993E-002 -0.13362458902792035      -0.13362459232536719       -8.2584536484448828E-002   0.0000000000000000     
   20.785764082663583        0.0000000000000000       -9.9479826226236370E-002 -0.16096174244955008      -0.16096174701277774       -9.9479833283368985E-002   0.0000000000000000     
   20.880676247424606        0.0000000000000000       -8.2145388483197926E-002 -0.13291402845414524      -0.13291402830834076       -8.2145391939883974E-002   0.0000000000000000     
   20.975588412185626        0.0000000000000000       -3.6545774700475417E-002  -5.9132303822326419E-002  -5.9132302475418834E-002  -3.6545768197583442E-002   0.0000000000000000     
   21.070500576946646        0.0000000000000000        2.1628772826798408E-002   3.4996088010394055E-002   3.4996092776405321E-002   2.1628778786580635E-002   0.0000000000000000     
   21.165412741707669        0.0000000000000000        7.2361135752364747E-002  0.11708278017552129       0.11708278084927320        7.2361134724888310E-002   0.0000000000000000     
   21.260324906468689        0.0000000000000000        9.8194963134569449E-002  0.15888278894299113       0.15888278277808848        9.8194957577938669E-002   0.0000000000000000     
   21.355237071229709        0.0000000000000000        9.0241164662098583E-002  0.14601326260796160       0.14601326125943706        9.0241159033953036E-002   0.0000000000000000     
   21.450149235990732        0.0000000000000000        5.1236531260775188E-002   8.2902449989137650E-002   8.2902452031359930E-002   5.1236534486347060E-002   0.0000000000000000     
   21.545061400751752        0.0000000000000000       -5.3979342506891501E-003  -8.7340305854422783E-003  -8.7340277658720759E-003  -5.3979261430969656E-003   0.0000000000000000     
   21.639973565512772        0.0000000000000000       -6.0175030390802818E-002  -9.7365246613698248E-002  -9.7365243333078791E-002  -6.0175029468386911E-002   0.0000000000000000     
   21.734885730273795        0.0000000000000000       -9.4246672667790035E-002 -0.15249432647220679      -0.15249433076545640       -9.4246677637147086E-002   0.0000000000000000     
   21.829797895034815        0.0000000000000000       -9.5889250313307306E-002 -0.15515206543673613      -0.15515207017792154       -9.5889256088822816E-002   0.0000000000000000     
   21.924710059795835        0.0000000000000000       -6.4537566684626749E-002 -0.10442397420899691      -0.10442397178785351       -6.4537567131774554E-002   0.0000000000000000     
   22.019622224556855        0.0000000000000000       -1.0979332464036418E-002  -1.7764932447591975E-002  -1.7764929810054411E-002  -1.0979324596163291E-002   0.0000000000000000     
   22.114534389317878        0.0000000000000000        4.6356749763266640E-002   7.5006796628932768E-002   7.5006799442561667E-002   4.6356754146876449E-002   0.0000000000000000     
   22.209446554078898        0.0000000000000000        8.7742069141842530E-002  0.14196965203075659       0.14196965136555237        8.7742064678004564E-002   0.0000000000000000     
   22.304358718839918        0.0000000000000000        9.8936470125902884E-002  0.16008257020070349       0.16008256383321007        9.8936464257715254E-002   0.0000000000000000     
   22.399270883600941        0.0000000000000000        7.6088100180968926E-002  0.12311312500664828       0.12311312485873865        7.6088097744891670E-002   0.0000000000000000     
   22.494183048361961        0.0000000000000000        2.7058784786855281E-002   4.3782037125809387E-002   4.3782041402712579E-002   2.7058790038638904E-002   0.0000000000000000     
   22.589095213122981        0.0000000000000000       -3.1281107960094437E-002  -5.0613886113754489E-002  -5.0613884239376759E-002  -3.1281100629627558E-002   0.0000000000000000     
   22.684007377884004        0.0000000000000000       -7.8857564042240799E-002 -0.12759422435044196      -0.12759422334056905       -7.8857566151628269E-002   0.0000000000000000     
   22.778919542645024        0.0000000000000000       -9.9300149124828319E-002 -0.16067102327667540      -0.16067102776068803       -9.9300155963937375E-002   0.0000000000000000     
   22.873831707406044        0.0000000000000000       -8.5574833293453390E-002 -0.13846298495495196      -0.13846298897571288       -8.5574836579850419E-002   0.0000000000000000     
   22.968743872167067        0.0000000000000000       -4.2404311878727827E-002  -6.8611616002758918E-002  -6.8611611654670307E-002  -4.2404309313459954E-002   0.0000000000000000     
   23.063656036928087        0.0000000000000000        1.5356990837759616E-002   2.4848132485686899E-002   2.4848135762809375E-002   1.5356998549839051E-002   0.0000000000000000     
   23.158568201689107        0.0000000000000000        6.7834149471946284E-002  0.10975796074377309       0.10975796104080719        6.7834151388399377E-002   0.0000000000000000     
   23.253480366450130        0.0000000000000000        9.6970448864832415E-002  0.15690148262392806       0.15690148086454248        9.6970441800432794E-002   0.0000000000000000     
   23.348392531211150        0.0000000000000000        9.2740461500445875E-002  0.15005721579139833       0.15005721036648847        9.2740456597955961E-002   0.0000000000000000     
   23.443304695972170        0.0000000000000000        5.6599668595975088E-002   9.1580183289711167E-002   9.1580184443753307E-002   5.6599669801101642E-002   0.0000000000000000     
   23.538216860733193        0.0000000000000000        9.8365216293425442E-004   1.5915882444428806E-003   1.5915939442595409E-003   9.8365834404236241E-004   0.0000000000000000     
   23.633129025494213        0.0000000000000000       -5.4970821302335056E-002  -8.8944649882825660E-002  -8.8944649472825155E-002  -5.4970816146947460E-002   0.0000000000000000     
   23.728041190255233        0.0000000000000000       -9.2010533878496267E-002 -0.14887617902364755      -0.14887618036735017       -9.2010538667762876E-002   0.0000000000000000     
   23.822953355016253        0.0000000000000000       -9.7390609492744279E-002 -0.15758132210249873      -0.15758132588287804       -9.7390616808466973E-002   0.0000000000000000     
   23.917865519777276        0.0000000000000000       -6.9259831245086445E-002 -0.11206475446612379      -0.11206475705695731       -6.9259831312278725E-002   0.0000000000000000     
   24.012777684538296        0.0000000000000000       -1.7297627885886267E-002  -2.7988148765096262E-002  -2.7988143225196473E-002  -1.7297622917395720E-002   0.0000000000000000     
   24.107689849299316        0.0000000000000000        4.0616468244606657E-002   6.5718824183036345E-002   6.5718827357888851E-002   4.0616474287748915E-002   0.0000000000000000     
   24.202602014060339        0.0000000000000000        8.4554957079069168E-002  0.13681279694742665       0.13681279462106194        8.4554956169160894E-002   0.0000000000000000     
   24.297514178821359        0.0000000000000000        9.9399172388706339E-002  0.16083123833509866       0.16083123597483295        9.9399164069432777E-002   0.0000000000000000     
   24.392426343582379        0.0000000000000000        8.0041406989907971E-002  0.12950971278860485       0.12950970927877906        8.0041404123600529E-002   0.0000000000000000     
   24.487338508343402        0.0000000000000000        3.3142416696144490E-002   5.3625556080854300E-002   5.3625558324696364E-002   3.3142421285162496E-002   0.0000000000000000     
   24.582250673104422        0.0000000000000000       -2.5160454455547120E-002  -4.0710464015659142E-002  -4.0710457948188949E-002  -2.5160448657746790E-002   0.0000000000000000     
   24.677162837865442        0.0000000000000000       -7.4805930253379879E-002 -0.12103853395883390      -0.12103853524220425       -7.4805928226713503E-002   0.0000000000000000     
   24.772075002626465        0.0000000000000000       -9.8711641951654175E-002 -0.15971880072945532      -0.15971880406967764       -9.8711648503594165E-002   0.0000000000000000     
   24.866987167387485        0.0000000000000000       -8.8651952359920211E-002 -0.14344187563393179      -0.14344187790626617       -8.8651958695052269E-002   0.0000000000000000     
   24.961899332148505        0.0000000000000000       -4.8088266702423832E-002  -7.7808441794102207E-002  -7.7808442564463814E-002  -4.8088263453961132E-002   0.0000000000000000     
   25.056811496909525        0.0000000000000000        9.0219818561984820E-003   1.4597873206250819E-002   1.4597878946079744E-002   9.0219881416519626E-003   0.0000000000000000     
   25.151723661670548        0.0000000000000000        6.3027882149834888E-002  0.10198125256722197       0.10198125496751542        6.3027885318626117E-002   0.0000000000000000     
   25.246635826431568        0.0000000000000000        9.5346694250716180E-002  0.15427419532951653       0.15427419075804000        9.5346690756009628E-002   0.0000000000000000     
   25.341547991192588        0.0000000000000000        9.4857935298607449E-002  0.15348336109897692       0.15348335876198294        9.4857927318557508E-002   0.0000000000000000     
   25.436460155953611        0.0000000000000000        6.1729775902333237E-002   9.9880870936100971E-002   9.9880869960622190E-002   6.1729775709068298E-002   0.0000000000000000     
   25.531372320714631        0.0000000000000000        7.3611885734666330E-003   1.1910656393268465E-002   1.1910659241432878E-002   7.3611956364427363E-003   0.0000000000000000     
   25.626284485475651        0.0000000000000000       -4.9540286509710756E-002  -8.0157861332875127E-002  -8.0157855995665411E-002  -4.9540282349884640E-002   0.0000000000000000     
   25.721196650236674        0.0000000000000000       -8.9395579234011979E-002 -0.14464508608966520      -0.14464508893989242       -8.9395580664015206E-002   0.0000000000000000     
   25.816108814997694        0.0000000000000000       -9.8491000633173287E-002 -0.15936179507077264      -0.15936179969390249       -9.8491007644196424E-002   0.0000000000000000     
   25.911020979758714        0.0000000000000000       -7.3696940132961131E-002 -0.11924415468936300      -0.11924415490716023       -7.3696944258160424E-002   0.0000000000000000     
   26.005933144519737        0.0000000000000000       -2.3544708801899777E-002  -3.8096130586222764E-002  -3.8096129526202421E-002  -2.3544702805251665E-002   0.0000000000000000     
   26.100845309280757        0.0000000000000000        3.4708962378098306E-002   5.6160279434045210E-002   5.6160284309154616E-002   3.4708968647550117E-002   0.0000000000000000     
   26.195757474041777        0.0000000000000000        8.1019723707000918E-002  0.13109266310286188       0.13109266426582031        8.1019723345466102E-002   0.0000000000000000     
   26.290669638802800        0.0000000000000000        9.9452634465281686E-002  0.16091774658649124       0.16091774056872643        9.9452629171754500E-002   0.0000000000000000     
   26.385581803563820        0.0000000000000000        8.3665173219515887E-002  0.13537309079264973       0.13537308908856710        8.3665167110158145E-002   0.0000000000000000     
   26.480493968324840        0.0000000000000000        3.9089596588323706E-002   6.3248291729799261E-002   6.3248293441170458E-002   3.9089599135052125E-002   0.0000000000000000     
   26.575406133085863        0.0000000000000000       -1.8936212391244628E-002  -3.0639429084616678E-002  -3.0639426288590767E-002  -1.8936204235120685E-002   0.0000000000000000     
   26.670318297846883        0.0000000000000000       -7.0446308099413130E-002 -0.11398451642731577      -0.11398451275558652       -7.0446306509737627E-002   0.0000000000000000     
   26.765230462607903        0.0000000000000000       -9.7716729112220013E-002 -0.15810899344634782      -0.15810899738971737       -9.7716733645442921E-002   0.0000000000000000     
   26.860142627368923        0.0000000000000000       -9.1364081529252530E-002 -0.14783019567376951      -0.14783020065897040       -9.1364087570343311E-002   0.0000000000000000     
   26.955054792129946        0.0000000000000000       -5.3574231612474765E-002  -8.6684925390792589E-002  -8.6684923387348123E-002  -5.3574232768246820E-002   0.0000000000000000     
   27.049966956890966        0.0000000000000000        2.6498260123244619E-003   4.2875159485649683E-003   4.2875184851983821E-003   2.6498336289504966E-003   0.0000000000000000     
   27.144879121651986        0.0000000000000000        5.7962119170660305E-002   9.3784676232914740E-002   9.3784679308795929E-002   5.7962124122165296E-002   0.0000000000000000     
   27.239791286413009        0.0000000000000000        9.3330388486268012E-002  0.15101173707657206       0.15101173683961899        9.3330384622556550E-002   0.0000000000000000     
   27.334703451174029        0.0000000000000000        9.6584865389263946E-002  0.15627759874841940       0.15627759235844219        9.6584859457990238E-002   0.0000000000000000     
   27.429615615935049        0.0000000000000000        6.6605732828132286E-002  0.10777033613871387       0.10777033552151791        6.6605729759162152E-002   0.0000000000000000     
   27.524527780696072        0.0000000000000000        1.3708419175635745E-002   2.2180685079222967E-002   2.2180689138151494E-002   1.3708423942231780E-002   0.0000000000000000     
   27.619439945457092        0.0000000000000000       -4.3905788387886481E-002  -7.1041049731714601E-002  -7.1041047671996732E-002  -4.3905780717115518E-002   0.0000000000000000     
   27.714352110218112        0.0000000000000000       -8.6412570177399117E-002 -0.13981847360058736      -0.13981847219638363       -8.6412571567144048E-002   0.0000000000000000     
   27.809264274979135        0.0000000000000000       -9.9185893577279555E-002 -0.16048615464778204      -0.16048615894587356       -9.9185900258735721E-002   0.0000000000000000     
   27.904176439740155        0.0000000000000000       -7.7830630589034569E-002 -0.12593260879590726      -0.12593261319958901       -7.7830634396322207E-002   0.0000000000000000     
   27.999088604501175        0.0000000000000000       -2.9694849132590087E-002  -4.8047270394762365E-002  -4.8047266432829486E-002  -2.9694847173233879E-002   0.0000000000000000     
   28.094000769262195        0.0000000000000000        2.8658553195233277E-002   4.6370518126634404E-002   4.6370521512125895E-002   2.8658560960167705E-002   0.0000000000000000     
   28.188912934023218        0.0000000000000000        7.7150919597350334E-002  0.12483280664114593       0.12483280729582047        7.7150922227820412E-002   0.0000000000000000     
   28.283825098784238        0.0000000000000000        9.9096641355259196E-002  0.16034173075059435       0.16034172927480816        9.9096634701793918E-002   0.0000000000000000     
   28.378737263545258        0.0000000000000000        8.6944477568884154E-002  0.14067912316475550       0.14067911755316065        8.6944472289355812E-002   0.0000000000000000     
   28.473649428306281        0.0000000000000000        4.4875837682410977E-002   7.2610627530413085E-002   7.2610628192353005E-002   4.4875838233651016E-002   0.0000000000000000     
   28.568561593067301        0.0000000000000000       -1.2634004926359821E-002  -2.0442250996933677E-002  -2.0442245353774161E-002  -1.2633998941204030E-002   0.0000000000000000     
   28.663473757828321        0.0000000000000000       -6.5796650006661447E-002 -0.10646120728199747      -0.10646120651661345       -6.5796644287290332E-002   0.0000000000000000     
   28.758385922589344        0.0000000000000000       -9.6319504191509822E-002 -0.15584823240478235      -0.15584823343342888       -9.6319508352824976E-002   0.0000000000000000     
   28.853298087350364        0.0000000000000000       -9.3700053677213124E-002 -0.15160988099644462      -0.15160988478785434       -9.3700061148561248E-002   0.0000000000000000     
   28.948210252111384        0.0000000000000000       -5.8839625481193938E-002  -9.5204513117236989E-002  -9.5204516155570157E-002  -5.8839626217140374E-002   0.0000000000000000     
   29.043122416872407        0.0000000000000000       -3.7332364460229799E-003  -6.0404970812341433E-003  -6.0404918183724482E-003  -3.7332318576671179E-003   0.0000000000000000     
   29.138034581633427        0.0000000000000000        5.2657717090953848E-002   8.5201977682062474E-002   8.5201981156595233E-002   5.2657723477891043E-002   0.0000000000000000     
   29.232946746394447        0.0000000000000000        9.0929827354138751E-002  0.14712754740908332       0.14712754545893408        9.0929827162513674E-002   0.0000000000000000     
   29.327858911155470        0.0000000000000000        9.7914147339831226E-002  0.15842841633630589       0.15842841405912261        9.7914139158131200E-002   0.0000000000000000     
   29.422771075916490        0.0000000000000000        7.1207463784318484E-002  0.11521609917621549       0.11521609535573979        7.1207460301856956E-002   0.0000000000000000     
   29.517683240677510        0.0000000000000000        1.9999207916913994E-002   3.2359395851669921E-002   3.2359397675608526E-002   1.9999211966309455E-002   0.0000000000000000     
   29.612595405438533        0.0000000000000000       -3.8090520850146102E-002  -6.1631757435691450E-002  -6.1631751248700170E-002  -3.8090514921480800E-002   0.0000000000000000     
   29.707507570199553        0.0000000000000000       -8.3073790200935471E-002 -0.13441620822171196      -0.13441620905125454       -8.3073787501022886E-002   0.0000000000000000     
   29.802419734960573        0.0000000000000000       -9.9472427198798022E-002 -0.16094977167801039      -0.16094977485008419       -9.9472433339251348E-002   0.0000000000000000     
   29.897331899721593        0.0000000000000000       -8.1643881565160614E-002 -0.13210258483701257      -0.13210258731061802       -8.1643888340452622E-002   0.0000000000000000     
   29.992244064482616        0.0000000000000000       -3.5722732456527954E-002  -5.7800590585382797E-002  -5.7800591779010958E-002  -3.5722729888162982E-002   0.0000000000000000     
   30.087156229243636        0.0000000000000000        2.2490154744739286E-002   3.6389841520459182E-002   3.6389847146248405E-002   2.2490160954172708E-002   0.0000000000000000     
   30.182068394004656        0.0000000000000000        7.2964474346728411E-002  0.11805899741933931       0.11805900025453044        7.2964478077809258E-002   0.0000000000000000     
   30.276980558765679        0.0000000000000000        9.8332652734857126E-002  0.15910557088466631       0.15910556662824415        9.8332649819462686E-002   0.0000000000000000     
   30.371892723526699        0.0000000000000000        8.9865823979537240E-002  0.14540595707097953       0.14540595459962641        8.9865815835907276E-002   0.0000000000000000     
   30.466804888287719        0.0000000000000000        5.0477317815324156E-002   8.1674017303014754E-002   8.1674015959510196E-002   5.0477316889268278E-002   0.0000000000000000     
   30.561717053048742        0.0000000000000000       -6.2797844279806024E-003  -1.0160905809664996E-002  -1.0160903228726367E-002  -6.2797776782928041E-003   0.0000000000000000     
   30.656629217809762        0.0000000000000000       -6.0876094477123617E-002  -9.8499588641343505E-002  -9.8499583030603161E-002  -6.0876089887368486E-002   0.0000000000000000     
   30.751541382570782        0.0000000000000000       -9.4525720360823962E-002 -0.15294582261226572      -0.15294582500012749       -9.4525721145863287E-002   0.0000000000000000     
   30.846453547331805        0.0000000000000000       -9.5650253611524405E-002 -0.15476536691025058      -0.15476537155071676       -9.5650260508043317E-002   0.0000000000000000     
   30.941365712092825        0.0000000000000000       -6.3862766925786657E-002 -0.10333213544090597      -0.10333213600574090       -6.3862771688856623E-002   0.0000000000000000     
   31.036277876853845        0.0000000000000000       -1.0100928754442851E-002  -1.6343638171656100E-002  -1.6343637425121189E-002  -1.0100923311434439E-002   0.0000000000000000     
   31.131190041614865        0.0000000000000000        4.7136516480645291E-002   7.6268491567802521E-002   7.6268496511435496E-002   4.7136522995763305E-002   0.0000000000000000     
   31.226102206375888        0.0000000000000000        8.8154896448278286E-002  0.14263761323496071       0.14263761488457100        8.8154896750835904E-002   0.0000000000000000     
   31.321014371136908        0.0000000000000000        9.8840302768138988E-002  0.15992696700111902       0.15992696117119545        9.8840297799050653E-002   0.0000000000000000     
   31.415926535897928        0.0000000000000000        7.5516027080374581E-002  0.12218749958996726       0.12218749755953995        7.5516020540485729E-002   0.0000000000000000     
