   0.0000000000000000        0.0000000000000000        0.0000000000000000        0.0000000000000000        0.0000000000000000     
   0.0000000000000000        8.8152437740509182E-002  0.12466637514245210        8.8152437740509182E-002   0.0000000000000000     
   0.0000000000000000       0.12494165348987019       0.17669417789219730       0.12494165348987019        0.0000000000000000     
   0.0000000000000000        8.8931902189161929E-002  0.12576870422799602        8.8931902189161929E-002   0.0000000000000000     
   0.0000000000000000        1.1047631616845702E-003   1.5623711988092259E-003   1.1047631616845702E-003   0.0000000000000000     
   0.0000000000000000       -8.7366081087817890E-002 -0.12355429900290049       -8.7366081087817890E-002   0.0000000000000000     
   0.0000000000000000      -0.12493188491323598      -0.17668036304642831      -0.12493188491323598        0.0000000000000000     
   0.0000000000000000       -8.9704413491183008E-002 -0.12686120007397600       -8.9704413491183008E-002   0.0000000000000000     
   0.0000000000000000       -2.2094399475026602E-003  -3.1246202432981124E-003  -2.2094399475026602E-003   0.0000000000000000     
   0.0000000000000000        8.6572893712543703E-002  0.12243256275697878        8.6572893712543703E-002   0.0000000000000000     
   0.0000000000000000       0.12491234852373159       0.17665273443499532       0.12491234852373159        0.0000000000000000     
   0.0000000000000000        9.0469911247606949E-002  0.12794377726365530        9.0469911247606949E-002   0.0000000000000000     
   0.0000000000000000        3.3139439883408256E-003   4.6866249886974992E-003   3.3139439883408256E-003   0.0000000000000000     
   0.0000000000000000       -8.5772937630197679E-002 -0.12130125410760814       -8.5772937630197679E-002   0.0000000000000000     
   0.0000000000000000      -0.12488304584882526      -0.17661129421802396      -0.12488304584882526        0.0000000000000000     
   0.0000000000000000       -9.1228335607818400E-002 -0.12901635115579441       -9.1228335607818400E-002   0.0000000000000000     
   0.0000000000000000       -4.4181889285909021E-003  -6.2482633093396966E-003  -4.4181889285909021E-003   0.0000000000000000     
   0.0000000000000000        8.4966275385497350E-002  0.12016046150613677        8.4966275385497350E-002   0.0000000000000000     
   0.0000000000000000       0.12484397917957005       0.17655604563549163       0.12484397917957005        0.0000000000000000     
   0.0000000000000000        9.1979627274231965E-002  0.13007883789126848        9.1979627274231965E-002   0.0000000000000000     
   0.0000000000000000        5.5220884329014869E-003   7.8094131082075691E-003   5.5220884329014869E-003   0.0000000000000000     
   0.0000000000000000       -8.4152970047476405E-002 -0.11901027414542450       -8.4152970047476405E-002   0.0000000000000000     
   0.0000000000000000      -0.12479515157042467      -0.17648699300697421      -0.12479515157042467        0.0000000000000000     
   0.0000000000000000       -9.2723727506928574E-002 -0.13113115439962342       -9.2723727506928574E-002   0.0000000000000000     
   0.0000000000000000       -6.6255561929276854E-003  -9.3699523264810097E-003  -6.6255561929276854E-003   0.0000000000000000     
   0.0000000000000000        8.3333085204553514E-002  0.11785078195286962        8.3333085204553514E-002   0.0000000000000000     
   0.0000000000000000       0.12473656683901457       0.17640414173130847       0.12473656683901457        0.0000000000000000     
   0.0000000000000000        9.3460578128248414E-002  0.13217321840557039        9.3460578128248414E-002   0.0000000000000000     
   0.0000000000000000        7.7285059340788664E-003   1.0929758953080779E-002   7.7285059340788664E-003   0.0000000000000000     
   0.0000000000000000       -8.2506684959560386E-002 -0.11668207558337797       -8.2506684959560386E-002   0.0000000000000000     
   0.0000000000000000      -0.12466822956583332      -0.17630749828617021      -0.12466822956583332        0.0000000000000000     
   0.0000000000000000       -9.4190121527339937E-002 -0.13320494843541791       -9.4190121527339937E-002   0.0000000000000000     
   0.0000000000000000       -8.8308514222635651E-003  -1.2488711034208400E-002  -8.8308514222635651E-003   0.0000000000000000     
   0.0000000000000000        8.1673833924729752E-002  0.11550424641227554        8.1673833924729752E-002   0.0000000000000000     
   0.0000000000000000       0.12459014509388444       0.17619707022756770       0.12459014509388444        0.0000000000000000     
   0.0000000000000000        9.4912300664664287E-002  0.13422626382344155        9.4912300664664287E-002   0.0000000000000000     
   0.0000000000000000        9.9325064706314303E-003   1.4046686682881449E-002   9.9325064706314303E-003   0.0000000000000000     
   0.0000000000000000       -8.0834597216643544E-002 -0.11431738652816442       -8.0834597216643544E-002   0.0000000000000000     
   0.0000000000000000      -0.12450231952826354      -0.17607286618925128      -0.12450231952826354        0.0000000000000000     
   0.0000000000000000       -9.5627059076455509E-002 -0.13523708471819029       -9.5627059076455509E-002   0.0000000000000000     
   0.0000000000000000       -1.1033384946311439E-002  -1.5603564088464084E-002  -1.1033384946311439E-002   0.0000000000000000     
   0.0000000000000000        7.9989040451141469E-002  0.11312158872572300        7.9989040451141469E-002   0.0000000000000000     
   0.0000000000000000       0.12440475973568083       0.17593489588203848       0.12440475973568083        0.0000000000000000     
   0.0000000000000000        9.6334340879135352E-002  0.13623733208872932        9.6334340879135352E-002   0.0000000000000000     
   0.0000000000000000        1.2133400777145878E-002   1.7159221526190913E-002   1.2133400777145878E-002   0.0000000000000000     
   0.0000000000000000       -7.9137229738190928E-002 -0.11191694649845101       -7.9137229738190928E-002   0.0000000000000000     
   0.0000000000000000      -0.12429747334392396      -0.17578317009305505      -0.12429747334392396        0.0000000000000000     
   0.0000000000000000       -9.7034090773682927E-002 -0.13722692773081835       -9.7034090773682927E-002   0.0000000000000000     
   0.0000000000000000       -1.3232467958419522E-002  -1.8713537366684782E-002  -1.3232467958419522E-002   0.0000000000000000     
   0.0000000000000000        7.8279231676717922E-002  0.11070355403135980        7.8279231676717922E-002   0.0000000000000000     
   0.0000000000000000       0.12418046874126173       0.17561770068489171       0.12418046874126173        0.0000000000000000     
   0.0000000000000000        9.7726254049958591E-002  0.13820579427302593        9.7726254049958591E-002   0.0000000000000000     
   0.0000000000000000        1.4330500559583757E-002   2.0266390085466726E-002   1.4330500559583757E-002   0.0000000000000000     
   0.0000000000000000       -7.7415113349399947E-002 -0.10948150619360868       -7.7415113349399947E-002   0.0000000000000000     
   0.0000000000000000      -0.12405375507578789      -0.17543850059467700      -0.12405375507578789        0.0000000000000000     
   0.0000000000000000       -9.8410776590981824E-002 -0.13917385518277792       -9.8410776590981824E-002   0.0000000000000000     
   0.0000000000000000       -1.5427412730974588E-002  -2.1817658272457657E-002  -1.5427412730974588E-002   0.0000000000000000     
   0.0000000000000000        7.6544942317421247E-002  0.10825089853108769        7.6544942317421247E-002   0.0000000000000000     
   0.0000000000000000       0.12391734225470567       0.17524558383306615       0.12391734225470567        0.0000000000000000     
   0.0000000000000000        9.9087604877162713E-002  0.14013103477234082        9.9087604877162713E-002   0.0000000000000000     
   0.0000000000000000        1.6523118710524663E-002   2.3367220641471426E-002   1.6523118710524663E-002   0.0000000000000000     
   0.0000000000000000       -7.5668786615190206E-002 -0.10701182725894724       -7.5668786615190206E-002   0.0000000000000000     
   0.0000000000000000      -0.12377124094355305      -0.17503896548314579      -0.12377124094355305        0.0000000000000000     
   0.0000000000000000       -9.9756685990486704E-002 -0.14107725820473888       -9.9756685990486704E-002   0.0000000000000000     
   0.0000000000000000       -1.7617532830468206E-002  -2.4914956039697775E-002  -1.7617532830468206E-002   0.0000000000000000     
   0.0000000000000000        7.4786714745020327E-002  0.10576438925407576        7.4786714745020327E-002   0.0000000000000000     
   0.0000000000000000       0.12361546256536854       0.17481866169925525       0.12361546256536854        0.0000000000000000     
   0.0000000000000000       0.10041796761865251       0.14201245149960467       0.10041796761865251        0.0000000000000000     
   0.0000000000000000        1.8710569524038718E-002   2.6460743457175417E-002   1.8710569524038718E-002   0.0000000000000000     
   0.0000000000000000       -7.3898795671774070E-002 -0.10450868204752524       -7.3898795671774070E-002   0.0000000000000000     
   0.0000000000000000      -0.12345001929979793      -0.17458468970572372      -0.12345001929979793        0.0000000000000000     
   0.0000000000000000      -0.10107139805916239      -0.14293654153896301      -0.10107139805916239        0.0000000000000000     
   0.0000000000000000       -1.9802143332158920E-002  -2.8004462036253161E-002  -1.9802143332158920E-002   0.0000000000000000     
   0.0000000000000000        7.3005098817471095E-002  0.10324480381688574        7.3005098817471095E-002   0.0000000000000000     
   0.0000000000000000       0.12327492408214173       0.17433706779552394       0.12327492408214173        0.0000000000000000     
   0.0000000000000000       0.10171692622336483       0.14384945607294691       0.10171692622336483        0.0000000000000000     
   0.0000000000000000        2.0892168910121925E-002   2.9545991081039752E-002   2.0892168910121925E-002   0.0000000000000000     
   0.0000000000000000       -7.2105694055860342E-002 -0.10197285337860945       -7.2105694055860342E-002   0.0000000000000000     
   0.0000000000000000      -0.12309019060234344      -0.17407581532884236      -0.12309019060234344        0.0000000000000000     
   0.0000000000000000      -0.10235450164044936      -0.14475112372544582      -0.10235450164044936        0.0000000000000000     
   0.0000000000000000       -2.1980561034263671E-002  -3.1085210066840743E-002  -2.1980561034263671E-002   0.0000000000000000     
   0.0000000000000000        7.1200651706957080E-002  0.10069293018028469        7.1200651706957080E-002   0.0000000000000000     
   0.0000000000000000       0.12289583330391912       0.17380095273156590       0.12289583330391912        0.0000000000000000     
   0.0000000000000000       0.10298407446139292       0.14564147399968622       0.10298407446139292        0.0000000000000000     
   0.0000000000000000        2.3067234608626259E-002   3.2621998649581957E-002   2.3067234608626259E-002   0.0000000000000000     
   0.0000000000000000       -7.0290042531544958E-002  -9.9405134292860256E-002  -7.0290042531544958E-002   0.0000000000000000     
   0.0000000000000000      -0.12269186738282765      -0.17351250149368533      -0.12269186738282765        0.0000000000000000     
   0.0000000000000000      -0.10360559546285768      -0.14652043728374242      -0.10360559546285768        0.0000000000000000     
   0.0000000000000000       -2.4152104671610705E-002  -3.4156236675218998E-002  -2.4152104671610705E-002   0.0000000000000000     
   0.0000000000000000        6.9373937725643681E-002   9.8109566402821438E-002   6.9373937725643681E-002   0.0000000000000000     
   0.0000000000000000       0.12247830878628244       0.17321048416761559       0.12247830878628244        0.0000000000000000     
   0.0000000000000000       0.10421901605103995       0.14738794485597884       0.10421901605103995        0.0000000000000000     
   0.0000000000000000        2.5235086402619511E-002   3.5687804189131617E-002   2.5235086402619511E-002   0.0000000000000000     
   0.0000000000000000       -6.8452408914942656E-002  -9.6806327804317749E-002  -6.8452408914942656E-002   0.0000000000000000     
   0.0000000000000000      -0.12225517421150414      -0.17289492436643283      -0.12225517421150414        0.0000000000000000     
   0.0000000000000000      -0.10482428826546976      -0.14824392889042251      -0.10482428826546976        0.0000000000000000     
   0.0000000000000000       -2.6316095128688301E-002  -3.7216581445502744E-002  -2.6316095128688301E-002   0.0000000000000000     
   0.0000000000000000        6.7525528149200958E-002   9.5495520391242900E-002   6.7525528149200958E-002   0.0000000000000000     
   0.0000000000000000       0.12202248110441501       0.17256584676202891       0.12202248110441501        0.0000000000000000     
   0.0000000000000000       0.10542136478276108       0.14908832246206563       0.10542136478276108        0.0000000000000000     
   0.0000000000000000        2.7395046331105802E-002   3.8742448916680980E-002   2.7395046331105802E-002   0.0000000000000000     
   0.0000000000000000       -6.6593367896614297E-002  -9.4177246649268159E-002  -6.6593367896614297E-002   0.0000000000000000     
   0.0000000000000000      -0.12178024765827447      -0.17222327708318250      -0.12178024765827447        0.0000000000000000     
   0.0000000000000000      -0.10601019892031203      -0.14992105955209767      -0.10601019892031203        0.0000000000000000     
   0.0000000000000000       -2.8471855652021864E-002  -4.0265287302526015E-002  -2.8471855652021864E-002   0.0000000000000000     
   0.0000000000000000        6.5656001038149239E-002   9.2851609647829167E-002   6.5656001038149239E-002   0.0000000000000000     
   0.0000000000000000       0.12152849281225640       0.17186724211354831       0.12152849281225640        0.0000000000000000     
   0.0000000000000000       0.10659074463995512       0.15074207505306653       0.10659074463995512        0.0000000000000000     
   0.0000000000000000        2.9546438901042790E-002   4.1784977539736201E-002   2.9546438901042790E-002   0.0000000000000000     
   0.0000000000000000       -6.4713500861845255E-002  -9.1518713032067420E-002  -6.4713500861845255E-002   0.0000000000000000     
   0.0000000000000000      -0.12126723624996794      -0.17149776968956343      -0.12126723624996794        0.0000000000000000     
   0.0000000000000000      -0.10716295655155714      -0.15155130477396841      -0.10716295655155714        0.0000000000000000     
   0.0000000000000000       -3.0618712061813651E-002  -4.3301400811158033E-002  -3.0618712061813651E-002   0.0000000000000000     
   0.0000000000000000        6.3765941057084580E-002   9.0178661014726325E-002   6.3765941057084580E-002   0.0000000000000000     
   0.0000000000000000       0.12099649839791027       0.17111488869827121       0.12099649839791027        0.0000000000000000     
   0.0000000000000000       0.10772678991656816       0.15234868544526653       0.10772678991656816        0.0000000000000000     
   0.0000000000000000        3.1688591298587226E-002   4.4814438555075456E-002   3.1688591298587226E-002   0.0000000000000000     
   0.0000000000000000       -6.2813395708831404E-002  -8.8831558368003077E-002  -6.2813395708831404E-002   0.0000000000000000     
   0.0000000000000000      -0.12071630042388115      -0.17071862907506355      -0.12071630042388115        0.0000000000000000     
   0.0000000000000000      -0.10828220065151985      -0.15313415472383701      -0.10828220065151985        0.0000000000000000     
   0.0000000000000000       -3.2755992962778410E-002  -4.6323972474480113E-002  -3.2755992962778410E-002   0.0000000000000000     
   0.0000000000000000        6.1855939291839412E-002   8.7477510415356771E-002   6.1855939291839412E-002   0.0000000000000000     
   0.0000000000000000       0.12042666423531959       0.17030902180134061       0.12042666423531959        0.0000000000000000     
   0.0000000000000000       0.10882914533147234       0.15390765119784314       0.10882914533147234        0.0000000000000000     
   0.0000000000000000        3.3820833599504455E-002   4.7829884546320339E-002   3.3820833599504455E-002   0.0000000000000000     
   0.0000000000000000       -6.0893646664829354E-002  -8.6116623023273331E-002  -6.0893646664829354E-002   0.0000000000000000     
   0.0000000000000000      -0.12012761247759263      -0.16988609890208917      -0.12012761247759263        0.0000000000000000     
   0.0000000000000000      -0.10936758119340968      -0.15466911439153619      -0.10936758119340968        0.0000000000000000     
   0.0000000000000000       -3.4883029954109704E-002  -4.9332057030728738E-002  -3.4883029954109704E-002   0.0000000000000000     
   0.0000000000000000        5.9926593064636435E-002   8.4749002592987954E-002   5.9926593064636435E-002   0.0000000000000000     
   0.0000000000000000       0.11981916853222446       0.16944989344337927       0.11981916853222446        0.0000000000000000     
   0.0000000000000000       0.10989746613958359       0.15541848476998349       0.10989746613958359        0.0000000000000000     
   0.0000000000000000        3.5942498978674908E-002   5.0830372480227842E-002   3.5942498978674908E-002   0.0000000000000000     
   0.0000000000000000       -5.8954854100328122E-002  -8.3374756052165933E-002  -5.8954854100328122E-002   0.0000000000000000     
   0.0000000000000000      -0.11950135651506807      -0.16900043952977936      -0.11950135651506807        0.0000000000000000     
   0.0000000000000000      -0.11041875874080502      -0.15615570374372295      -0.11041875874080502        0.0000000000000000     
   0.0000000000000000       -3.6999157838510474E-002  -5.2324713748912580E-002  -3.6999157838510474E-002   0.0000000000000000     
   0.0000000000000000        5.7978505747292977E-002   8.1993990846541909E-002   5.7978505747292977E-002   0.0000000000000000     
   0.0000000000000000       0.11917420127441924       0.16853777230169040       0.11917420127441924        0.0000000000000000     
   0.0000000000000000       0.11093141823968364       0.15688071367334330       0.11093141823968364        0.0000000000000000     
   0.0000000000000000        3.8052923918632756E-002   5.3814964001609455E-002   3.8052923918632756E-002   0.0000000000000000     
   0.0000000000000000       -5.6997624341300727E-002  -8.0606814931518944E-002  -5.6997624341300727E-002   0.0000000000000000     
   0.0000000000000000      -0.11883772838907353      -0.16806192793259894      -0.11883772838907353        0.0000000000000000     
   0.0000000000000000      -0.11143540455381457      -0.15759345787399054      -0.11143540455381457        0.0000000000000000     
   0.0000000000000000       -3.9103714830223513E-002  -5.5301006723011067E-002  -3.9103714830223513E-002   0.0000000000000000     
   0.0000000000000000        5.6012286572534292E-002   7.9213336763727549E-002   5.6012286572534292E-002   0.0000000000000000     
   0.0000000000000000       0.11849196416632593       0.16757294362624930       0.11849196416632593        0.0000000000000000     
   0.0000000000000000       0.11193067827891257       0.15829388061979932       0.11193067827891257        0.0000000000000000     
   0.0000000000000000        4.0151448417071384E-002   5.6782725726786012E-002   4.0151448417071384E-002   0.0000000000000000     
   0.0000000000000000       -5.5022569479593983E-002  -7.7813665292545672E-002  -5.5022569479593983E-002   0.0000000000000000     
   0.0000000000000000      -0.11813693563991381      -0.16707085761373533      -0.11813693563991381        0.0000000000000000     
   0.0000000000000000      -0.11241720069189284      -0.15898192714824982      -0.11241720069189284        0.0000000000000000     
   0.0000000000000000       -4.1196042761995511E-002  -5.8260005164662454E-002  -4.1196042761995511E-002   0.0000000000000000     
   0.0000000000000000        5.4028550443474641E-002   7.6407909951579991E-002   5.4028550443474641E-002   0.0000000000000000     
   0.0000000000000000       0.11777267056790292       0.16655570915051177       0.11777267056790292        0.0000000000000000     
   0.0000000000000000       0.11289493375389899       0.15965754366444920       0.11289493375389899        0.0000000000000000     
   0.0000000000000000        4.2237416193250402E-002   5.9732729535485904E-002   4.2237416193250402E-002   0.0000000000000000     
   0.0000000000000000       -5.3030307181515815E-002  -7.4996180650109268E-002  -5.3030307181515815E-002   0.0000000000000000     
   0.0000000000000000      -0.11739919743051665      -0.16602753851332563      -0.11739919743051665        0.0000000000000000     
   0.0000000000000000      -0.11336384011327716      -0.16032067734533695      -0.11336384011327716        0.0000000000000000     
   0.0000000000000000       -4.3275487290911283E-002  -6.1200783694249472E-002  -4.3275487290911283E-002   0.0000000000000000     
   0.0000000000000000        5.2027917741325765E-002   7.3578587764490874E-002   5.2027917741325765E-002   0.0000000000000000     
   0.0000000000000000       0.11701654542790910       0.16548638699706747       0.11701654542790910        0.0000000000000000     
   0.0000000000000000       0.11382388310849648       0.16097127634381503       0.11382388310849648        0.0000000000000000     
   0.0000000000000000        4.4310174893240392E-002   6.2664052861096109E-002   4.4310174893240392E-002   0.0000000000000000     
   0.0000000000000000       -5.1021460494679712E-002  -7.2155242129530256E-002  -5.1021460494679712E-002   0.0000000000000000     
   0.0000000000000000      -0.11662474447788172      -0.16493229691154337      -0.11662474447788172        0.0000000000000000     
   0.0000000000000000      -0.11427502677101559      -0.16160928979280126      -0.11427502677101559        0.0000000000000000     
   0.0000000000000000       -4.5341398103032546E-002  -6.4122422630292539E-002  -4.5341398103032546E-002   0.0000000000000000     
   0.0000000000000000        5.0011014131392646E-002   7.0726255029815055E-002   5.0011014131392646E-002   0.0000000000000000     
   0.0000000000000000       0.11622382521354382       0.16436531157816733       0.11622382521354382        0.0000000000000000     
   0.0000000000000000       0.11471723582809502       0.16223466780920615       0.11471723582809502        0.0000000000000000     
   0.0000000000000000        4.6369076293940367E-002   6.5575778979173951E-002   4.6369076293940367E-002   0.0000000000000000     
   0.0000000000000000       -4.8996657653167262E-002  -6.9291738191013669E-002  -4.8996657653167262E-002   0.0000000000000000     
   0.0000000000000000      -0.11581381898091725      -0.16378547532657456      -0.11581381898091725        0.0000000000000000     
   0.0000000000000000      -0.11515047570555496      -0.16284736149783302      -0.11515047570555496        0.0000000000000000     
   0.0000000000000000       -4.7393129116778274E-002  -6.7024008277058456E-002  -4.7393129116778274E-002   0.0000000000000000     
   0.0000000000000000        4.7978470367417550E-002   6.7851803771139557E-002   4.7978470367417550E-002   0.0000000000000000     
   0.0000000000000000       0.11539475783648524       0.16319283349115599       0.11539475783648524        0.0000000000000000     
   0.0000000000000000       0.11557471253047860       0.16344732295520056       0.11557471253047860        0.0000000000000000     
   0.0000000000000000        4.8413476505804617E-002   6.8466997294131082E-002   4.8413476505804617E-002   0.0000000000000000     
   0.0000000000000000       -4.6956531881068575E-002  -6.6406564351781688E-002  -4.6956531881068575E-002   0.0000000000000000     
   0.0000000000000000      -0.11496667454468594      -0.16258743240751436      -0.11496667454468594        0.0000000000000000     
   0.0000000000000000      -0.11598991313386056      -0.16403450527328850      -0.11598991313386056        0.0000000000000000     
   0.0000000000000000       -4.9430038684982136E-002  -6.9904633210296482E-002  -4.9430038684982136E-002   0.0000000000000000     
   0.0000000000000000        4.5930922094332603E-002   6.4956132929301746E-002   4.5930922094332603E-002   0.0000000000000000     
   0.0000000000000000       0.11452960257535025       0.16196931940884168       0.11452960257535025        0.0000000000000000     
   0.0000000000000000       0.11639604505320016       0.16460886254320450       0.11639604505320016        0.0000000000000000     
   0.0000000000000000        5.0442736174215144E-002   7.1336803623999218E-002   5.0442736174215144E-002   0.0000000000000000     
   0.0000000000000000       -4.4901721194462618E-002  -6.3500622905999060E-002  -4.4901721194462618E-002   0.0000000000000000     
   0.0000000000000000      -0.11408357610108473      -0.16133854282221888      -0.11408357610108473        0.0000000000000000     
   0.0000000000000000      -0.11679307653503949      -0.16517034985877393      -0.11679307653503949        0.0000000000000000     
   0.0000000000000000       -5.1451489795564201E-002  -7.2763396561011606E-002  -5.1451489795564201E-002   0.0000000000000000     
   0.0000000000000000        4.3869009649483162E-002   6.2040148081243696E-002   4.3869009649483162E-002   0.0000000000000000     
   0.0000000000000000       0.11362862999459980       0.16069515196483783       0.11362862999459980        0.0000000000000000     
   0.0000000000000000       0.11718097653744625       0.16571892332005098       0.11718097653744625        0.0000000000000000     
   0.0000000000000000        5.2456220679436907E-002   7.4184300483188206E-002   5.2456220679436907E-002   0.0000000000000000     
   0.0000000000000000       -4.2832868201899257E-002  -6.0574822642578484E-002  -4.2832868201899257E-002   0.0000000000000000     
   0.0000000000000000      -0.11316479982598265      -0.16003919714014572      -0.11316479982598265        0.0000000000000000     
   0.0000000000000000      -0.11755971473244051      -0.16625454003675055      -0.11755971473244051        0.0000000000000000     
   0.0000000000000000       -5.3456850270754419E-002  -7.5599404297185910E-002  -5.3456850270754419E-002   0.0000000000000000     
   0.0000000000000000        4.1793377862383976E-002   5.9104761156790850E-002   4.1793377862383976E-002   0.0000000000000000     
   0.0000000000000000       0.11269212185991617       0.15937072963391241       0.11269212185991617        0.0000000000000000     
   0.0000000000000000       0.11792926150836604       0.16677715813160193       0.11792926150836604        0.0000000000000000     
   0.0000000000000000        5.4453300335093532E-002   7.7008597363149453E-002   5.4453300335093532E-002   0.0000000000000000     
   0.0000000000000000       -4.0750619903444911E-002  -5.7630078560955013E-002  -4.0750619903444911E-002   0.0000000000000000     
   0.0000000000000000      -0.11221063305284333      -0.15868980171022096      -0.11221063305284333        0.0000000000000000     
   0.0000000000000000      -0.11828958797220529      -0.16728673674362321      -0.11828958797220529        0.0000000000000000     
   0.0000000000000000       -5.5445492964804069E-002  -7.8411769503361317E-002  -5.5445492964804069E-002   0.0000000000000000     
   0.0000000000000000        3.9704675853070255E-002   5.6150890153444766E-002   3.9704675853070255E-002   0.0000000000000000     
   0.0000000000000000       0.11172037105007751       0.15799646660738159       0.11172037105007751        0.0000000000000000     
   0.0000000000000000       0.11864066595183852       0.16778323603131590       0.11864066595183852        0.0000000000000000     
   0.0000000000000000        5.6433350585100100E-002   7.9808811010855740E-002   5.6433350585100100E-002   0.0000000000000000     
   0.0000000000000000       -3.8655627488354834E-002  -5.4667311584918693E-002  -3.8655627488354834E-002   0.0000000000000000     
   0.0000000000000000      -0.11122137418285907      -0.15729077853376963      -0.11122137418285907        0.0000000000000000     
   0.0000000000000000      -0.11898246799824616      -0.16826661717578012      -0.11898246799824616        0.0000000000000000     
   0.0000000000000000       -5.7416795960125527E-002  -8.1199612657995482E-002  -5.7416795960125527E-002   0.0000000000000000     
   0.0000000000000000        3.7603556829106800E-002   5.3179458849277439E-002   3.7603556829106800E-002   0.0000000000000000     
   0.0000000000000000       0.11071368146535819       0.15657279266358731       0.11071368146535819        0.0000000000000000     
   0.0000000000000000       0.11931496738765483       0.16873684238374989       0.11931496738765483        0.0000000000000000     
   0.0000000000000000        5.8395752198993220E-002   8.2584065705011436E-002   5.8395752198993220E-002   0.0000000000000000     
   0.0000000000000000       -3.6548546131435128E-002  -5.1687448274594039E-002  -3.6548546131435128E-002   0.0000000000000000     
   0.0000000000000000      -0.11019733259162441      -0.15584256513255026      -0.11019733259162441        0.0000000000000000     
   0.0000000000000000      -0.11963813812362675      -0.16919387489054802      -0.11963813812362675        0.0000000000000000     
   0.0000000000000000       -5.9370142761796793E-002  -8.3962061908504096E-002  -5.9370142761796793E-002   0.0000000000000000     
   0.0000000000000000        3.5490677881318836E-002   5.0191396514018743E-002   3.5490677881318836E-002   0.0000000000000000     
   0.0000000000000000       0.10967236793248306       0.15510015303349872       0.10967236793248306        0.0000000000000000     
   0.0000000000000000       0.11995195493909196       0.16963767896296095       0.11995195493909196        0.0000000000000000     
   0.0000000000000000        6.0339891465595485E-002   8.5333493529905935E-002   6.0339891465595485E-002   0.0000000000000000     
   0.0000000000000000       -3.4430034788158065E-002  -4.8691420536657655E-002  -3.4430034788158065E-002   0.0000000000000000     
   0.0000000000000000      -0.10913882853237875      -0.15434561441193384      -0.10913882853237875        0.0000000000000000     
   0.0000000000000000      -0.12025639329832372      -0.17006821990203269      -0.12025639329832372        0.0000000000000000     
   0.0000000000000000       -6.1304922490370742E-002  -8.6698253343904574E-002  -6.1304922490370742E-002   0.0000000000000000     
   0.0000000000000000        3.3366699778307786E-002   4.7187637618427251E-002   3.3366699778307786E-002   0.0000000000000000     
   0.0000000000000000       0.10859675610616612       0.15357900826147958       0.10859675610616612        0.0000000000000000     
   0.0000000000000000       0.12055142939885674       0.17048546404577797       0.12055142939885674        0.0000000000000000     
   0.0000000000000000        6.2265160384954554E-002   8.8056234646825729E-002   6.2265160384954554E-002   0.0000000000000000     
   0.0000000000000000       -3.2300755988594491E-002  -4.5680165332884624E-002  -3.2300755988594491E-002   0.0000000000000000     
   0.0000000000000000      -0.10804619303584839      -0.15280039451927033      -0.10804619303584839        0.0000000000000000     
   0.0000000000000000      -0.12083704017334783      -0.17088937877181459      -0.12083704017334783        0.0000000000000000     
   0.0000000000000000       -6.3220530072929118E-002  -8.9407331264975201E-002  -6.3220530072929118E-002   0.0000000000000000     
   0.0000000000000000        3.1232286759816451E-002   4.4169121542034520E-002   3.1232286759816451E-002   0.0000000000000000     
   0.0000000000000000       0.10748718236726357       0.15200983406126489       0.10748718236726357        0.0000000000000000     
   0.0000000000000000       0.12111320329137938       0.17127993249991397       0.12111320329137938        0.0000000000000000     
   0.0000000000000000        6.4170956858496761E-002   9.0751437562939755E-002   6.4170956858496761E-002   0.0000000000000000     
   0.0000000000000000       -3.0161375630227992E-002  -4.2654624387114086E-002  -3.0161375630227992E-002   0.0000000000000000     
   0.0000000000000000      -0.10691976780671890      -0.15120738869748698      -0.10691976780671890        0.0000000000000000     
   0.0000000000000000      -0.12137989716120492      -0.17165709469447080      -0.12137989716120492        0.0000000000000000     
   0.0000000000000000       -6.5116366432320633E-002  -9.2088448451845675E-002  -6.5116366432320633E-002   0.0000000000000000     
   0.0000000000000000        2.9088106329008254E-002   4.1136792279355405E-002   2.9088106329008254E-002   0.0000000000000000     
   0.0000000000000000       0.10634399371757369       0.15039312116719245       0.10634399371757369        0.0000000000000000     
   0.0000000000000000       0.12163710093143708       0.17202083586689076       0.12163710093143708        0.0000000000000000     
   0.0000000000000000        6.6056684877334890E-002   9.3418259397574574E-002   6.6056684877334890E-002   0.0000000000000000     
